time,accelx,accely,accelz,gyrox,gyroy,gyroz,magx,magy,magz
0.00,0.447458,0.106481,-9.753145,0.003512,0.008094,-0.002138,51.330017,-20.096462,-2.572347
0.20,0.444467,0.104088,-9.748958,0.003207,0.007330,-0.001985,50.716167,-19.424145,-2.002338
0.40,0.451047,0.108275,-9.745369,0.003360,0.007941,-0.002138,50.102310,-20.330313,-2.426191
0.60,0.448056,0.110070,-9.753744,0.002902,0.009927,-0.002291,50.643085,-20.257235,-2.353113
0.80,0.454038,0.114855,-9.751350,0.003512,0.008247,-0.002138,50.292313,-19.599531,-2.528500
1.00,0.463011,0.110070,-9.744172,0.003818,0.008552,-0.002138,51.052326,-20.111078,-0.920783
0.00,0.841077,9.455239,-1.156332,0.003665,0.007941,-0.003512,49.225372,-59.777843,-38.862904
0.20,0.829113,9.448658,-1.156930,0.003512,0.008094,-0.001680,48.333820,-60.260159,-39.535225
0.40,0.844666,9.444470,-1.157528,0.003207,0.008705,-0.001222,48.757671,-60.494007,-39.695995
0.60,0.834497,9.449855,-1.159323,0.003665,0.008247,-0.001985,48.246128,-59.967846,-39.754456
0.80,0.841675,9.445069,-1.159323,0.003665,0.008094,-0.001833,48.465363,-59.339375,-39.199062
1.00,0.829711,9.454042,-1.158724,0.003360,0.008094,-0.002443,49.108448,-60.377087,-40.499855
0.00,-0.382253,-1.352543,9.687941,0.003054,0.008094,-0.002138,54.735458,-9.120140,-76.965797
0.20,-0.379262,-1.349552,9.690334,0.003665,0.008247,-0.001985,55.320084,-9.339375,-76.731949
0.40,-0.379262,-1.351945,9.687941,0.003360,0.008399,-0.001833,55.612392,-8.491669,-76.717339
0.60,-0.376870,-1.351347,9.688540,0.003207,0.007941,-0.001985,55.466240,-8.988600,-76.571182
0.80,-0.381057,-1.350748,9.688540,0.002902,0.007941,-0.001985,54.691612,-9.163987,-77.375038
1.00,-0.379262,-1.352543,9.695119,0.003665,0.008552,-0.001833,55.086231,-8.988600,-76.892723
0.00,-0.241675,-9.833902,-0.694517,0.003360,0.008094,-0.002291,53.171585,24.598070,-35.837475
0.20,-0.247657,-9.835099,-0.695115,0.003207,0.008094,-0.002138,52.835430,25.270388,-35.019001
0.40,-0.245863,-9.839886,-0.693919,0.003512,0.007941,-0.001985,52.806198,24.144987,-35.282082
0.60,-0.244666,-9.837492,-0.695115,0.003512,0.007941,-0.001985,53.244667,24.598070,-34.828995
0.80,-0.250648,-9.836296,-0.690928,0.003512,0.007941,-0.001985,53.040047,24.992693,-34.200523
1.00,-0.247059,-9.837492,-0.691526,0.003512,0.008094,-0.002138,52.806198,24.934229,-30.985092
0.00,-9.783654,0.114257,0.677767,0.003665,0.010385,0.000458,76.483482,-33.718212,-32.738964
0.20,-9.751948,0.121436,0.657428,0.003360,0.009316,-0.001222,75.825783,-33.513596,-32.768196
0.40,-9.740583,0.101695,0.663410,0.003207,0.008705,-0.001985,76.848877,-32.636658,-33.440514
0.60,-9.744172,0.117248,0.658026,0.003360,0.007636,-0.001374,76.556564,-32.870502,-32.081264
0.80,-9.739985,0.096909,0.661017,0.003207,0.008247,-0.002138,76.600410,-33.221279,-32.490501
1.00,-9.742975,0.105882,0.662812,0.003360,0.008094,-0.001680,76.176552,-32.899738,-32.797428
0.00,9.643673,-0.265005,-2.032703,0.003360,0.008247,-0.001833,-5.714704,-6.840106,-19.321835
0.20,9.644870,-0.263210,-2.033899,0.003360,0.008247,-0.001833,-4.516223,-6.401637,-18.444899
0.40,9.640682,-0.266202,-2.033301,0.003207,0.007941,-0.001833,-5.334697,-6.679334,-19.029524
0.60,9.647263,-0.258425,-2.031507,0.003360,0.008094,-0.002138,-5.261620,-7.278574,-19.672609
0.80,9.644272,-0.262014,-2.037488,0.003207,0.008399,-0.001833,-5.627010,-6.957030,-18.678749
1.00,9.647263,-0.270987,-2.043471,0.003665,0.005803,-0.001069,-4.706226,-7.395498,-18.474131
0.00,6.891330,6.598208,-1.609771,0.003207,0.007941,-0.001985,-9.938614,-32.928967,-36.392868
0.20,6.893124,6.595816,-1.608575,0.003512,0.007789,-0.001680,-10.055539,-32.753582,-34.697456
0.40,6.885347,6.598807,-1.611566,0.003360,0.007941,-0.002138,-9.529378,-32.797428,-36.349018
0.60,6.892525,6.596414,-1.609173,0.003360,0.008094,-0.001985,-9.894768,-32.315109,-36.407482
0.80,6.884749,6.595816,-1.610370,0.003512,0.007941,-0.001985,-9.441684,-31.905874,-36.056709
1.00,6.888937,6.597012,-1.607378,0.003207,0.007941,-0.002291,-10.011692,-32.388191,-35.545162
0.00,6.878169,0.047258,-6.997810,0.003360,0.008247,-0.001985,-10.786320,-15.916398,-26.220402
0.20,6.879964,0.051446,-6.994221,0.003512,0.008247,-0.001833,-9.836305,-14.995615,-25.401930
0.40,6.877571,0.050847,-6.999006,0.003207,0.008247,-0.001985,-10.830167,-14.820229,-27.287344
0.60,6.878767,0.053839,-6.994221,0.003360,0.007636,-0.001985,-10.011692,-15.375622,-26.761181
0.80,6.873981,0.051446,-6.994819,0.003360,0.007941,-0.001680,-10.362467,-14.717918,-26.629642
1.00,6.874579,0.053240,-6.997212,0.003054,0.007789,-0.001833,-10.143233,-14.557147,-25.898859
0.00,6.248857,-7.604988,-1.046262,0.003512,0.007941,-0.002138,-8.857059,4.750073,-35.852089
0.20,6.252446,-7.604988,-1.048655,0.003207,0.007941,-0.002138,-8.710903,5.100848,-37.386730
0.40,6.249454,-7.599605,-1.045065,0.003207,0.007941,-0.001833,-9.237065,4.998538,-37.985970
0.60,6.253044,-7.602596,-1.048655,0.003512,0.007789,-0.001985,-8.988600,4.720842,-37.708275
0.80,6.253044,-7.606185,-1.043869,0.003512,0.007789,-0.001833,-8.988600,5.393160,-37.883659
1.00,6.254240,-7.607381,-1.044467,0.003818,0.008094,-0.001833,-9.178602,4.954691,-36.845951
0.00,5.636891,-1.080958,7.974679,0.003512,0.007636,-0.001527,-6.606256,-13.460976,-62.350189
0.20,5.633303,-1.085743,7.974679,0.003360,0.007941,-0.001985,-6.533177,-12.774043,-61.853260
0.40,5.627321,-1.082752,7.975876,0.003207,0.007941,-0.001833,-7.176264,-13.373282,-61.809414
0.60,5.629115,-1.080958,7.975278,0.003512,0.007789,-0.001985,-7.424729,-13.066355,-63.475590
0.80,5.630909,-1.086341,7.971688,0.002902,0.007941,-0.001833,-6.869336,-12.686350,-62.452499
1.00,5.628518,-1.081556,7.975278,0.003360,0.007789,-0.001833,-6.664718,-12.715580,-61.853260
0.00,-5.603393,-8.095517,-0.201595,0.003360,0.007941,-0.002138,73.253433,6.927799,-42.677578
0.20,-5.601598,-8.094321,-0.199202,0.003360,0.007941,-0.001985,72.581116,6.518562,-42.356033
0.40,-5.600402,-8.093124,-0.199202,0.003360,0.007941,-0.002291,72.551888,6.986261,-42.589886
0.60,-5.599803,-8.100304,-0.200997,0.003665,0.007789,-0.001833,72.376495,7.380883,-41.552177
0.80,-5.604589,-8.093722,-0.198006,0.003360,0.007941,-0.001985,72.054955,6.474715,-42.969891
1.00,-5.597410,-8.096116,-0.198604,0.003512,0.007941,-0.001833,72.829582,5.875475,-43.057587
0.00,-6.013163,-0.184846,-7.728219,0.003360,0.007789,-0.001985,73.984215,-13.855597,-20.973400
0.20,-6.008976,-0.185444,-7.726425,0.003207,0.007789,-0.001985,73.706520,-14.235603,-21.236481
0.40,-6.010172,-0.183649,-7.728817,0.003512,0.007941,-0.001985,74.466530,-13.928676,-20.023384
0.60,-6.007181,-0.186042,-7.727621,0.003512,0.008094,-0.001985,74.261909,-13.548671,-19.877228
0.80,-6.012566,-0.183649,-7.728817,0.003360,0.007636,-0.001985,73.764977,-14.308682,-21.061092
1.00,-6.011967,-0.183051,-7.726425,0.003360,0.008247,-0.001833,73.560364,-14.030986,-21.791874
0.00,-5.730810,7.708478,-0.250648,0.003665,0.008094,-0.001680,74.013451,-41.347561,-37.240574
0.20,-5.730810,7.709076,-0.251845,0.003665,0.007941,-0.001680,73.004967,-41.537563,-38.994446
0.40,-5.731408,7.708478,-0.248255,0.003360,0.007941,-0.001833,73.531136,-41.522945,-39.403683
0.60,-5.732007,7.709076,-0.249452,0.003512,0.007789,-0.001680,73.531136,-40.923706,-37.635197
0.80,-5.735596,7.709675,-0.249452,0.003665,0.008094,-0.001985,73.604210,-41.055248,-37.737503
1.00,-5.730212,7.707880,-0.249452,0.003512,0.008094,-0.001833,73.370361,-40.748318,-39.009060
0.00,-6.120242,-0.547956,7.568499,0.003054,0.007789,-0.001833,75.255775,-16.311020,-59.207832
0.20,-6.123233,-0.543769,7.569695,0.003360,0.008094,-0.001985,74.013451,-17.129494,-59.646301
0.40,-6.121439,-0.545564,7.566703,0.003512,0.007789,-0.001833,74.349609,-16.778719,-59.383221
0.60,-6.119644,-0.547956,7.564311,0.003360,0.007789,-0.001833,74.802689,-17.801813,-59.295528
0.80,-6.121439,-0.545564,7.564909,0.003207,0.007941,-0.001833,74.437294,-16.968723,-59.120144
1.00,-6.118448,-0.541974,7.566105,0.003360,0.007941,-0.001680,73.954979,-17.144110,-59.427071
