time,accelx,accely,accelz,gyrox,gyroy,gyroz,magx,magy,magz
0.00,0.242872,-0.387039,-9.743573,-0.147829,0.259618,4.557971,28.018124,0.160772,118.094124
0.20,0.634696,-0.236291,-9.734003,-0.127671,0.184176,4.166254,35.866703,-17.626425,117.670273
0.40,0.714258,-0.476770,-9.729815,-0.115301,0.166461,3.608686,24.101139,-33.630516,119.058754
0.60,0.575474,-0.756730,-9.723833,-0.100487,0.157603,3.515988,11.297866,-33.104355,115.551010
0.80,0.236291,-0.901496,-9.722038,-0.034667,0.126907,3.405879,-1.578486,-22.478807,115.624084
1.00,0.081356,-0.656232,-9.736994,-0.103236,0.232129,4.534452,1.388483,-2.674657,115.492546
1.20,0.178265,-0.384048,-9.757333,-0.140346,0.278707,4.971679,22.361881,2.630810,116.603325
1.40,0.461815,-0.245863,-9.742377,-0.157451,0.194102,4.900514,36.232098,-15.229465,117.202568
1.60,0.638884,-0.454636,-9.734003,-0.125686,0.181122,3.997655,27.185036,-31.496637,115.960243
1.80,0.559322,-0.676571,-9.711270,-0.101404,0.155007,3.459482,11.180941,-33.118973,115.697166
2.00,0.211765,-0.842274,-9.725029,-0.046120,0.149357,3.821268,-1.958492,-21.499561,115.682556
2.20,0.092124,-0.666401,-9.743573,-0.101862,0.239001,4.458553,1.768489,-1.256942,115.302536
2.40,0.128016,-0.413360,-9.741181,-0.119882,0.260839,4.656931,22.595732,4.209296,116.588715
2.60,0.476172,-0.187837,-9.734601,-0.175471,0.217926,4.754211,35.428238,-12.671733,118.254898
2.80,0.637089,-0.400798,-9.734601,-0.133627,0.187230,4.262771,23.574978,-34.229759,116.471794
3.00,0.580260,-0.702892,-9.722637,-0.098807,0.156992,3.693902,7.833967,-29.830460,117.918739
3.20,0.203390,-0.811765,-9.737592,-0.077885,0.192575,4.336990,-2.776966,-15.945630,116.062561
3.40,0.049053,-0.569492,-9.746565,-0.109192,0.250913,4.722141,4.486992,1.885414,115.857933
3.60,0.240479,-0.412762,-9.760324,-0.150731,0.280082,4.947092,26.278866,0.950015,116.881027
3.80,0.540180,-0.256630,-9.751350,-0.127824,0.179900,4.554153,35.501316,-18.050278,117.217186
0.00,0.792623,-9.804591,-0.535992,-0.157298,4.245055,0.192881,74.890381,89.886002,-28.105816
0.20,0.739980,-9.874581,-0.346959,-0.146302,3.988950,0.189215,59.456299,89.418297,-19.424145
0.40,0.624527,-9.844072,-0.093320,-0.157756,4.207335,0.184787,41.786026,88.862907,-25.942707
0.60,0.431306,-9.862617,-0.278764,-0.182343,4.822934,0.213039,39.637531,89.739838,-45.571472
0.80,0.485743,-9.833304,-0.610170,-0.199753,5.003597,0.233961,62.072491,91.201401,-53.054661
1.00,0.695713,-9.827921,-0.702892,-0.179747,4.662735,0.211054,76.629639,90.762939,-37.474422
1.20,0.772882,-9.854242,-0.467797,-0.154549,4.095851,0.187383,70.681091,89.067528,-21.134171
1.40,0.748355,-9.857233,-0.213559,-0.148135,3.940844,0.173791,51.373871,89.944458,-18.386436
1.60,0.492921,-9.850653,-0.186640,-0.174249,4.564996,0.204793,37.795967,90.236771,-33.352821
1.80,0.375075,-9.838689,-0.408574,-0.189215,4.830722,0.216704,47.223034,90.792168,-51.753872
2.00,0.558126,-9.830912,-0.655633,-0.182496,4.728708,0.211359,68.810287,91.113708,-51.973106
2.20,0.684946,-9.820743,-0.698106,-0.143401,3.796375,0.174249,76.147324,91.990646,-31.204325
2.40,0.763909,-9.811171,-0.442074,-0.113163,3.054632,0.141110,72.288803,89.842155,-24.320374
2.60,0.729213,-9.841680,-0.247059,-0.114232,3.138778,0.139125,57.746273,89.652153,-18.532593
2.80,0.571286,-9.856036,-0.131007,-0.151342,3.770718,0.165239,42.399883,90.339081,-26.658873
3.00,0.395414,-9.859027,-0.300897,-0.182496,4.643797,0.205403,39.579071,90.222153,-45.483776
3.20,0.448654,-9.865009,-0.571286,-0.193797,4.844620,0.217773,59.675533,91.303711,-55.071617
3.40,0.670589,-9.831511,-0.664607,-0.182191,4.610506,0.208763,75.796547,91.186783,-41.844490
3.60,0.760319,-9.839886,-0.539581,-0.151036,3.856240,0.173486,73.443436,90.572929,-24.247295
3.80,0.756132,-9.844072,-0.306281,-0.128282,3.310279,0.145386,59.339375,89.403687,-19.570301
0.00,-0.739382,9.355936,-1.978864,0.320552,-4.679380,0.726013,16.106401,-107.921661,-46.389942
0.20,-0.907478,9.353544,-1.834098,0.282678,-4.149149,0.644005,15.083308,-104.209290,-27.565039
0.40,-0.946960,9.396614,-1.537389,0.267406,-3.999793,0.614989,31.335867,-101.520027,-18.021048
0.60,-0.790230,9.416954,-1.474577,0.315970,-4.564080,0.705091,49.722301,-102.776970,-27.404266
0.80,-0.570688,9.407382,-1.578665,0.326049,-4.788420,0.738383,46.156094,-106.153168,-47.778427
1.00,-0.656830,9.343972,-1.901098,0.329256,-4.841718,0.749990,23.326513,-108.403984,-51.724644
1.20,-0.862014,9.330214,-1.897508,0.297950,-4.387234,0.683864,12.320959,-105.787781,-35.545162
1.40,-0.958924,9.373285,-1.674378,0.259770,-3.799276,0.591012,22.318035,-102.133881,-21.265713
1.60,-0.910469,9.414560,-1.418346,0.282220,-4.128838,0.639881,42.180649,-101.885414,-20.914938
1.80,-0.659821,9.429516,-1.456631,0.323606,-4.709771,0.729068,51.943874,-104.764687,-38.234432
2.00,-0.569492,9.365508,-1.861616,0.353538,-4.996878,0.785420,35.647472,-108.009354,-51.826954
2.20,-0.790230,9.338589,-2.029114,0.348193,-4.908455,0.769232,15.229465,-107.395493,-43.525284
2.40,-0.926022,9.358329,-1.797010,0.279624,-4.010025,0.623541,16.749487,-103.770828,-25.855013
2.60,-0.925424,9.388838,-1.509871,0.240834,-3.530954,0.542143,31.642796,-101.081551,-20.169540
2.80,-0.786641,9.418150,-1.469791,0.314137,-4.449389,0.688751,52.104645,-102.733124,-27.988894
3.00,-0.587438,9.407382,-1.560719,0.331700,-4.733747,0.730595,48.173050,-106.957031,-46.346100
3.20,-0.662812,9.357133,-1.903490,0.346819,-4.763833,0.737467,26.395792,-108.988594,-49.503071
3.40,-0.834497,9.337392,-1.910071,0.283900,-4.087757,0.638049,13.680211,-105.846237,-36.933647
3.60,-0.984048,9.364311,-1.706681,0.272751,-3.889379,0.606742,19.877228,-103.127739,-23.151125
3.80,-0.929013,9.415757,-1.477568,0.297797,-4.240626,0.658360,39.140602,-101.037704,-19.482609
0.00,-0.421137,-1.701895,9.640084,0.049938,0.826043,-4.521166,12.613271,-6.679334,-161.780182
0.20,-0.513260,-1.974677,9.591031,0.060781,0.907593,-4.938998,32.665886,-24.919615,-164.206375
0.40,-0.299103,-2.166103,9.567103,0.061850,0.928057,-5.001306,48.056122,-19.102602,-162.233276
0.60,0.012562,-2.048855,9.562318,0.048717,0.794125,-4.396244,50.453083,1.183864,-158.725525
0.80,0.065803,-1.830509,9.623933,0.031460,0.745714,-4.115552,33.762058,12.978661,-155.963165
1.00,-0.307478,-1.651048,9.663414,0.054825,0.824057,-4.333172,15.682549,3.332359,-159.543991
1.20,-0.488136,-1.868196,9.611371,0.063530,0.893085,-4.914258,18.664133,-17.977200,-162.291733
1.40,-0.404985,-2.093122,9.543774,0.066432,0.937067,-4.999627,39.798306,-24.554224,-163.329437
1.60,-0.069392,-2.130809,9.576077,0.050549,0.860251,-4.787962,51.300789,-7.366267,-160.640167
1.80,0.133998,-1.861018,9.620344,0.027184,0.706160,-3.998266,42.034492,10.347852,-156.883957
2.00,0.006580,-1.667797,9.643673,0.027031,0.600022,-3.247512,19.131834,8.564747,-159.982468
2.20,-0.393619,-1.630709,9.646665,0.048717,0.699441,-3.643811,13.621748,-1.227711,-160.698624
2.40,-0.537787,-1.936990,9.590433,0.063072,0.867276,-4.783227,20.359545,-21.382637,-163.460983
2.60,-0.338584,-2.167299,9.559327,0.060628,0.884686,-4.877759,42.867584,-22.873428,-162.379425
2.80,-0.062213,-2.088934,9.586246,0.054062,0.824668,-4.563469,51.578487,-4.823151,-159.178604
3.00,0.117847,-1.858027,9.629316,0.026114,0.705397,-3.987881,41.069862,10.903244,-158.477051
3.20,-0.081954,-1.703690,9.668200,0.041233,0.803441,-4.296673,20.812628,9.105524,-158.696289
3.40,-0.442672,-1.724627,9.654442,0.059101,0.848339,-4.687169,14.323298,-11.692488,-162.832504
3.60,-0.454038,-2.057229,9.574282,0.071777,0.946841,-5.003597,33.908215,-25.489622,-164.133301
3.80,-0.139382,-2.129014,9.561719,0.066584,0.941496,-4.999016,52.966969,-10.479392,-160.581696
0.00,-9.677173,0.702892,0.881157,4.153425,-0.279013,-0.289703,111.414787,-3.376206,-39.871384
0.20,-9.684950,0.831506,0.643669,3.931223,-0.262214,-0.273057,110.128616,-9.310143,-55.919319
0.40,-9.722637,0.781257,0.428315,4.662581,-0.314137,-0.329409,108.871674,-29.611223,-59.660919
0.60,-9.743573,0.458226,0.397209,4.992296,-0.328645,-0.348346,109.675537,-41.142941,-40.879860
0.80,-9.726824,0.354736,0.736391,4.990616,-0.342390,-0.346513,111.239410,-26.205788,-25.591930
1.00,-9.706486,0.589233,0.933201,4.379446,-0.294437,-0.310167,112.014030,-7.950891,-30.824322
1.20,-9.703494,0.792623,0.799203,3.640909,-0.245873,-0.260229,111.473251,-3.683133,-47.442268
1.40,-9.707682,0.909273,0.525225,4.170071,-0.282220,-0.290925,108.988594,-16.384098,-59.163986
1.60,-9.723235,0.670589,0.394218,4.758182,-0.322842,-0.334143,109.193214,-36.889797,-53.317745
1.80,-9.725628,0.415155,0.552742,5.003597,-0.360869,-0.368657,110.055542,-36.582870,-32.432037
2.00,-9.713065,0.433101,0.890130,4.990769,-0.357662,-0.360563,111.750946,-15.127155,-26.220402
2.20,-9.682557,0.710668,0.872184,3.988186,-0.273515,-0.286343,111.341713,-2.630810,-40.192924
2.40,-9.684950,0.843470,0.669990,3.895488,-0.271071,-0.275348,109.412453,-8.696288,-53.507744
2.60,-9.720841,0.774078,0.455235,4.434118,-0.306502,-0.318414,109.047066,-28.178894,-58.111660
2.80,-9.739387,0.500100,0.407976,4.842634,-0.327424,-0.344681,109.456299,-38.234432,-43.905293
3.00,-9.725029,0.381655,0.716052,5.003597,-0.358883,-0.364076,112.087105,-20.608009,-24.612686
3.20,-9.697513,0.533599,0.980459,4.804150,-0.336892,-0.346361,111.794792,-7.965508,-31.905874
3.40,-9.701700,0.835095,0.798006,4.202142,-0.290466,-0.306043,110.523239,-3.741596,-48.991524
3.60,-9.704092,0.875773,0.500698,4.553848,-0.315665,-0.328951,109.017822,-19.862614,-59.690147
3.80,-9.735797,0.595215,0.369691,4.832402,-0.326355,-0.349720,108.345505,-39.418297,-51.373871
0.00,9.552746,-0.553938,-2.407778,-4.395939,0.180969,0.882395,-51.695412,-4.253142,-48.728443
0.20,9.566504,-0.303888,-2.368894,-4.991838,0.212123,1.012967,-47.091492,1.052324,-28.705057
0.40,9.617950,-0.279362,-2.127818,-5.001306,0.216552,1.046107,-45.469162,-20.476469,-19.511839
0.60,9.649656,-0.711865,-1.911865,-4.555222,0.198684,0.921337,-48.143818,-36.173634,-32.300495
0.80,9.610772,-0.878166,-2.051846,-3.905720,0.185703,0.791376,-51.710026,-29.625839,-48.947678
1.00,9.599406,-0.704686,-2.253441,-4.015522,0.166155,0.783740,-53.230049,-11.648641,-53.083889
1.20,9.567103,-0.412164,-2.374876,-4.321108,0.186772,0.870941,-49.722301,2.893891,-39.067524
1.40,9.605388,-0.251246,-2.236093,-4.822934,0.199295,0.972650,-45.556854,-8.477054,-21.455713
1.60,9.649656,-0.530608,-1.932802,-4.947855,0.210596,1.007317,-46.024555,-29.757381,-24.422684
1.80,9.626924,-0.789632,-2.012364,-4.397924,0.199753,0.899194,-51.870800,-34.156681,-43.525284
2.00,9.594023,-0.852443,-2.151147,-3.702607,0.183412,0.746172,-56.094711,-18.664133,-53.829288
2.20,9.566504,-0.381057,-2.377269,-4.176944,0.163865,0.788932,-51.666183,-0.526162,-47.413036
2.40,9.568897,-0.293121,-2.324627,-4.704578,0.196699,0.953408,-46.930721,-0.029231,-27.988894
2.60,9.624531,-0.262612,-2.079961,-4.711604,0.195935,0.950506,-46.024555,-21.251097,-19.117216
2.80,9.644272,-0.664008,-1.917249,-4.494747,0.196088,0.914618,-49.678455,-36.202866,-32.373573
3.00,9.605987,-0.891925,-2.081157,-3.940997,0.211359,0.834442,-51.768486,-29.143524,-51.140015
3.20,9.585648,-0.835693,-2.250450,-3.864486,0.205403,0.759458,-53.230049,-11.020169,-51.169247
3.40,9.556933,-0.563510,-2.341975,-4.351804,0.224798,0.839940,-49.736919,3.288512,-37.021339
3.60,9.605987,-0.332004,-2.252842,-4.864625,0.203571,1.006400,-45.849167,-6.401637,-20.257235
3.80,9.672388,-0.379262,-1.981855,-4.957171,0.205251,1.009608,-45.966091,-28.149664,-24.218065
