time,accelx,accely,accelz,gyrox,gyroy,gyroz,magx,magy,magz
0.00,0.858425,-10.027123,-0.245264,-0.556498,-1.851074,-1.425607,44.562992,29.494301,-38.555977
0.20,3.645465,-9.185449,-2.426920,-0.213803,-0.959058,-1.463175,29.713535,30.824322,-34.916691
0.40,5.566304,-7.668398,-2.880360,1.043816,-1.608866,-2.277611,7.132418,24.963461,-41.873722
0.60,8.852846,-2.260619,-1.179063,2.099086,0.076511,-3.807523,-12.437883,-5.305466,-51.373871
0.80,9.017352,-0.875773,-1.246661,2.518903,2.048842,-1.977982,-7.570886,-29.187372,-61.370945
1.00,4.738986,1.561317,8.114061,-1.078177,2.266005,-0.622319,22.961123,-23.721134,-81.613564
1.20,5.102096,-7.156334,4.702495,-2.429717,-2.861751,2.492483,3.156971,13.168664,-61.619408
1.40,4.495516,-7.740183,-3.799204,-2.099086,-2.829986,0.453567,2.791581,18.167202,-27.126572
1.60,2.585445,-5.880960,-7.601399,-2.112219,-0.187383,-0.403935,-0.686934,3.931599,-16.997953
1.80,8.015956,-2.803790,-4.188038,-0.444710,4.143499,-0.782977,-14.966384,-17.173342,-49.020756
2.00,7.286743,5.790630,1.050449,-0.382707,2.015855,-2.252107,7.921661,-41.669102,-68.430283
2.20,5.329414,1.352543,8.138588,-3.793931,1.813048,2.200642,25.182693,-5.159310,-81.730492
2.40,4.807181,-3.712464,7.125227,-1.363146,-0.395382,2.743243,29.508915,8.754750,-77.214264
2.60,5.565706,-6.976274,4.147360,0.351706,-3.598760,0.899957,13.972523,13.577901,-71.148788
2.80,4.444070,-7.285547,5.134399,2.011121,-0.652251,0.847881,9.587840,-0.014616,-74.422684
3.00,7.606185,-5.714659,3.105884,-0.747852,-1.986686,-0.217773,-10.581701,1.636948,-50.701546
3.20,8.215756,-2.199004,-5.361717,-3.492164,-0.222660,-0.858724,-14.206372,-8.857059,-37.401344
3.40,8.775677,0.379861,4.486543,-1.517084,2.636494,0.410349,2.206957,-1.300789,-71.952644
3.60,6.939784,-0.656232,6.698109,0.110414,0.408974,-1.709201,3.785443,-6.883952,-73.954979
3.80,4.658227,7.673782,2.612364,3.387706,-2.149329,-3.026226,3.230050,-48.099972,-56.109325
4.00,2.880360,9.095716,-2.521437,1.768760,-1.091463,-0.056963,1.461561,-46.185326,-28.690443
4.20,5.740382,3.513860,-6.730412,2.235309,0.519694,4.012163,-9.456299,7.439345,-37.474422
4.40,7.185647,-6.137590,1.787439,0.943787,4.015064,-0.010996,12.087109,12.072494,-70.286469
4.60,2.000400,-6.964310,8.278568,0.997238,2.978121,0.673021,40.309853,2.791581,-80.035080
4.80,7.905886,1.593022,5.060222,0.732733,-3.489568,-3.103043,6.723180,-14.381761,-76.235023
5.00,3.292524,2.018944,8.831908,0.427911,0.992503,-2.458733,26.235020,-16.150248,-83.572052
5.20,1.904687,6.690332,4.851448,2.730873,0.230602,-3.440393,51.651562,-52.455425,-63.972519
5.40,-7.195816,5.440680,-1.162314,1.298394,2.619390,-1.494024,75.255775,-41.259869,-39.915230
5.60,-8.560324,3.234498,4.484748,-0.649197,-5.003444,0.597273,45.571472,-32.285881,-80.590469
5.80,-5.447261,2.334797,8.105686,-0.702800,2.413987,-2.843578,53.507744,-19.409531,-79.231224
6.00,-9.447462,-2.233102,-0.098106,0.278707,4.173890,-1.089936,80.985092,-11.327098,-44.650684
6.20,-8.027920,1.628914,-5.277969,-1.998598,0.916298,2.253482,77.711197,-35.779011,-39.856766
6.40,-8.678170,5.504688,0.655633,-0.936456,-3.401145,0.625373,53.230049,-32.680504,-76.366562
6.60,-8.021339,2.709273,3.861418,0.207847,1.782352,-1.091005,77.170418,-26.132710,-57.410114
6.80,-8.539386,2.682354,-5.100301,-1.107346,1.840384,1.203557,78.631981,-33.060509,-32.753582
7.00,-6.189634,4.387838,-6.787242,0.029169,1.138042,0.076358,73.165741,-37.576733,-24.495762
7.20,-3.905087,1.667199,-8.182856,1.484555,2.080454,-1.966222,70.228004,-12.861736,-12.481730
7.40,-6.568896,-6.366105,-4.315455,3.216816,-3.606090,-4.049273,52.908504,24.247295,-53.069275
7.60,-1.648655,-8.419745,3.525824,2.897639,-0.673479,0.522137,61.560947,10.040924,-65.872551
7.80,-7.182057,-6.700501,-0.095713,-0.944550,3.040276,-0.449139,63.650978,19.555685,-46.726105
8.00,-3.248257,-6.595816,-6.304490,-4.277584,1.622000,1.708132,62.744816,11.721719,-17.684887
8.20,-3.119045,1.722234,-9.258429,-2.077705,1.763873,2.498439,62.350189,-35.618240,-11.590178
8.40,-1.314258,6.181259,-6.681957,-1.666288,-1.912161,3.276834,45.425312,-60.523243,-28.895060
8.60,-4.392026,8.685348,-0.713659,-2.796388,-4.969694,-0.777326,34.244373,-56.533176,-63.139431
8.80,-1.021137,7.823932,5.664410,0.288939,-2.222633,-0.099724,14.220989,-54.238529,-60.187077
9.00,1.809572,7.296913,6.102894,-0.715018,-3.029739,-0.528704,9.368606,-55.086231,-51.037712
9.20,3.497110,7.905886,4.092923,-2.705217,-3.991852,-1.912772,21.368021,-61.210175,-45.308392
9.40,4.172484,7.201200,2.996412,0.295964,-2.023186,-0.895376,26.015785,-62.218647,-45.556854
9.60,4.202993,8.590234,-0.009571,0.384692,-4.418999,-0.441503,35.939781,-64.045601,-44.197605
9.80,3.523431,9.224331,-1.688136,0.985478,-1.904678,-0.207236,41.055248,-63.212513,-36.217480
10.00,0.863211,8.991032,-2.804389,-0.759000,-2.364201,-0.362854,43.963753,-62.876350,-46.083015
10.20,-2.245066,9.302696,-2.212763,-0.647670,-4.092033,0.428064,34.697456,-64.206375,-46.872257
10.40,-3.692724,8.368299,-3.888935,0.035125,-1.747991,-0.763276,42.560654,-62.861736,-40.777550
10.60,-5.724230,7.860423,0.017946,-3.722765,-0.323759,-1.186148,56.007015,-50.920784,-64.717918
10.80,-6.896115,1.295714,7.176075,-0.834595,-2.749504,-1.337795,36.743641,-24.291143,-78.895065
11.00,-4.121039,-3.378666,8.554939,-1.068709,3.066391,0.049022,68.167206,-16.837183,-70.388779
11.20,-10.034901,1.693520,-1.733600,-3.332728,0.506407,2.973997,65.653320,-40.572933,-65.229462
11.40,-4.836493,7.278966,3.144767,-0.418443,1.472949,2.250122,61.297863,-48.026894,-62.262493
11.60,-6.184849,4.436892,-5.815755,4.414417,3.027906,-3.016300,75.621162,-30.327389,-21.777258
11.80,-4.652246,-1.245464,-8.708678,0.538020,1.716990,-1.913535,65.857933,-7.848582,-9.090909
12.00,1.689931,-1.406381,-9.905687,0.537561,3.447418,0.361938,34.229759,-4.691610,2.075417
12.20,4.981857,-2.015953,-8.164909,-0.995099,-1.374905,0.400269,41.610641,-12.934814,3.142356
12.40,-3.812365,1.005584,-9.203394,-1.998140,-4.317137,-0.341779,79.742767,-27.871967,-33.630516
12.60,-9.116654,2.043471,1.941177,-0.142332,-4.788114,-0.833984,56.065475,-13.300204,-78.968140
12.80,-5.025526,-6.448657,4.881957,0.012217,2.729499,-4.220468,47.646885,10.245543,-73.063431
13.00,-8.140981,-4.912465,2.374278,-0.604909,2.791349,1.974927,77.638123,-8.155510,-57.190876
13.20,-9.072388,0.175872,-4.223930,-1.558317,3.444669,2.488818,77.945045,-33.586674,-26.790413
13.40,-2.067399,4.724628,-8.171490,-1.939803,2.825557,1.459662,44.928383,-56.197018,-20.228003
13.60,-0.156730,8.458031,-4.975276,-1.002277,-1.577254,0.039248,49.941536,-61.312477,-53.800056
13.80,-6.401399,7.582855,2.119443,0.198226,-3.178485,-2.455831,50.745399,-38.044434,-76.629639
14.00,-5.857031,3.232105,7.173683,-0.501520,-0.172417,-1.323134,66.676407,-24.612686,-71.441101
14.20,-7.159326,-6.317052,0.361316,-0.656375,1.235780,-3.577685,67.845657,13.738672,-54.077755
14.40,-6.894320,-6.265008,0.824926,1.081537,-3.296534,-0.381638,57.585503,4.837767,-72.990349
14.60,-4.907679,-3.229712,8.088339,1.710117,-0.638354,-1.235017,37.722889,-12.116341,-83.279739
14.80,-0.129811,-5.563911,7.993822,-1.676214,-0.976163,-1.897195,25.548086,-0.891552,-81.511253
15.00,0.296112,-8.793623,5.496314,-2.194839,2.360230,-1.698663,26.775795,22.654196,-65.434090
