time,accelx,accely,accelz,gyrox,gyroy,gyroz,magx,magy,magz
0.00,0.480359,0.010768,-9.706486,0.002443,0.006109,-0.001222,50.891556,-26.556564,-3.244665
0.20,0.479163,0.009571,-9.711270,0.002291,0.005956,-0.001527,51.359253,-27.155802,-2.733119
0.40,0.480359,0.008375,-9.707682,0.002443,0.006261,-0.001527,51.169247,-26.293480,-1.505408
0.60,0.478565,0.011366,-9.710074,0.002291,0.006261,-0.001069,50.920784,-26.220402,-2.528500
0.80,0.480359,0.010768,-9.711869,0.002443,0.005803,-0.001527,50.277699,-26.074249,-2.674657
1.00,0.483350,0.007777,-9.709476,0.002443,0.006414,-0.001527,50.686932,-27.243496,-2.762350
0.00,-0.287139,-9.870394,-0.887139,0.002596,0.006261,-0.001527,39.242912,26.278866,-54.560070
0.20,-0.288933,-9.874581,-0.878764,0.002443,0.006414,-0.001527,38.789825,26.410406,-53.653900
0.40,-0.283549,-9.871590,-0.884746,0.002138,0.006414,-0.001680,39.052910,26.322714,-54.136215
0.60,-0.285942,-9.871590,-0.884746,0.002291,0.006414,-0.001527,39.038292,26.395792,-54.735458
0.80,-0.291326,-9.869197,-0.885943,0.002138,0.006414,-0.001374,38.775211,26.220402,-54.574688
1.00,-0.286541,-9.867402,-0.885943,0.002443,0.006261,-0.001374,38.365974,25.942707,-54.676998
0.00,-0.717249,-1.002593,9.753744,0.002138,0.006567,-0.001374,13.139433,-21.338789,-79.435837
0.20,-0.720838,-1.003789,9.756136,0.001833,0.006261,-0.001527,13.987139,-21.514177,-78.427361
0.40,-0.722034,-1.007977,9.753744,0.001985,0.006109,-0.001374,12.744811,-21.236481,-79.742767
0.60,-0.716650,-1.000798,9.750154,0.002443,0.006567,-0.001374,12.993277,-21.543409,-79.172752
0.80,-0.713061,-0.999602,9.753744,0.002138,0.006414,-0.001527,13.724057,-21.309559,-78.968140
1.00,-0.720240,-1.001994,9.750154,0.002138,0.006720,-0.001222,13.519439,-21.017246,-79.450455
0.00,9.651450,-0.399003,-1.944168,0.002291,0.007636,-0.001680,-7.453961,-24.583454,-17.874891
0.20,9.647263,-0.399601,-1.952543,0.002291,0.006261,-0.001527,-7.380883,-24.890383,-16.983337
0.40,9.649656,-0.401994,-1.944168,0.002138,0.007330,-0.001374,-7.541654,-24.714996,-16.924875
0.60,9.652646,-0.403191,-1.951347,0.002138,0.006567,-0.001374,-7.600117,-24.948845,-15.945630
0.80,9.652646,-0.404985,-1.945963,0.002138,0.006414,-0.001374,-7.410114,-24.510378,-16.559486
1.00,9.647263,-0.404387,-1.948356,0.002138,0.006872,-0.001527,-7.717041,-24.334990,-17.494884
0.00,-0.727418,-1.042074,9.739387,0.002443,0.006567,-0.001527,12.218650,-22.508039,-78.778137
0.20,-0.714856,-1.039083,9.749557,0.002138,0.006261,-0.001527,11.604795,-22.113417,-78.515053
0.40,-0.710668,-1.043869,9.746565,0.002138,0.006567,-0.001833,11.327098,-22.361881,-79.260452
0.60,-0.714258,-1.042673,9.750751,0.002291,0.006261,-0.001680,11.224789,-22.537270,-79.757378
0.80,-0.720838,-1.039083,9.744172,0.002596,0.007178,-0.001527,11.824028,-22.098803,-79.932770
1.00,-0.719043,-1.040280,9.747163,0.002291,0.006872,-0.001680,11.721719,-22.566500,-80.210464
0.00,8.753544,-0.732204,4.477569,0.002291,0.006720,-0.001833,-59.178604,-58.783985,14.893307
0.20,8.754142,-0.735195,4.480561,0.001833,0.006720,-0.001833,-59.251678,-57.088573,13.212511
0.40,8.754739,-0.733400,4.476971,0.001985,0.006567,-0.001680,-61.166328,-57.103188,14.688687
0.60,8.754739,-0.732204,4.478168,0.001985,0.006567,-0.001833,-60.084770,-58.579361,15.755627
0.80,8.755937,-0.723231,4.478168,0.002291,0.006261,-0.001374,-59.704762,-57.804733,13.592518
1.00,8.754142,-0.734596,4.476971,0.001680,0.006567,-0.001069,-60.391701,-57.088573,14.089447
