time,accelx,accely,accelz,gyrox,gyroy,gyroz,magx,magy,magz
0.00,-8.930613,-5.405386,-1.664208,0.164934,-1.277166,0.144928,58.287048,11.327098,-23.311897
0.20,-9.605987,-2.074577,-2.282155,-0.070250,0.475406,2.247373,72.493423,-8.813212,-23.472668
0.40,-7.896315,5.075177,-2.056631,-0.396146,0.305738,2.392148,70.710320,-30.517393,-20.666471
0.60,-5.801997,6.735795,-3.780062,0.661873,1.691333,1.867262,52.557732,-41.069862,-10.961707
0.80,-1.814956,8.269596,-4.476971,-0.127824,-0.209527,0.734871,44.986847,-48.099972,-12.277112
1.00,1.335195,9.190832,0.374477,-2.950784,0.017715,1.277777,33.002045,-62.686348,-35.428238
1.20,5.441279,6.798607,3.814758,-0.854600,-0.385151,1.842064,9.938614,-57.950890,-45.761471
1.40,5.971289,5.037490,5.541179,-0.311541,2.528219,0.662483,10.859398,-53.800056,-59.397835
1.60,-1.392025,5.286343,7.944171,0.589027,3.072194,-1.306793,42.166035,-57.760887,-59.587841
1.80,-6.370891,4.142574,5.159524,-0.647212,2.443156,-0.744797,58.155514,-50.496929,-57.965504
2.00,-8.456235,1.417149,4.928018,-0.010385,0.199906,-2.345417,72.654190,-27.974277,-57.687813
2.20,-3.518646,0.267398,8.994620,4.363258,-1.605201,-0.877661,62.043262,-34.171295,-68.503365
2.40,-0.235693,7.454241,5.548358,2.430022,-1.156979,1.346805,45.425312,-58.944756,-53.507744
2.60,3.929015,8.342576,2.429313,0.664774,-0.968069,1.667815,25.781935,-62.452499,-44.782227
2.80,7.377072,6.068797,-0.118445,0.079718,-1.920560,2.323273,2.046185,-51.110786,-34.770535
3.00,9.151351,1.503291,-2.632105,0.262061,0.047342,1.668884,-13.840982,-28.602749,-31.292021
3.20,8.656634,-3.699304,-3.197409,-0.185703,-0.429133,1.517084,-10.070155,-16.734873,-21.397253
3.40,5.031508,-0.805783,-8.133204,-1.711644,-1.596954,-1.222036,4.983923,-34.785152,-11.473253
3.60,2.824727,3.227918,-8.709276,-1.323898,-0.536798,-0.456316,15.711780,-49.049984,-15.624086
3.80,1.568495,5.303691,-8.212766,-1.086271,-1.919491,0.704022,22.508039,-53.361588,-17.670273
4.00,0.047258,3.019742,-9.781260,0.709673,-0.585056,-0.130420,31.935108,-43.042969,-6.752411
4.20,-4.381258,1.354936,-8.673384,-0.025809,-1.255786,-1.195921,55.495472,-37.547501,-10.201695
4.40,-5.820541,-2.098505,-7.465008,-0.185398,-0.116217,-2.065030,63.066357,-18.678749,-9.076294
4.60,0.208774,-4.604987,-8.639286,-0.530078,2.385581,-2.595414,34.902077,-10.377083,1.081555
4.80,6.434300,-0.301496,-6.917650,-0.896597,2.222022,-2.205223,10.391698,-25.621164,-5.363928
5.00,9.146564,2.190031,-3.548556,-0.429591,2.253940,-0.659887,-7.073955,-30.999708,-20.564163
5.20,8.653045,-1.026521,3.583252,-1.629330,2.612060,2.317623,-14.849459,-15.477930,-54.837769
5.40,7.352546,-5.033901,3.704688,-1.464549,-1.178359,0.894154,-4.691610,15.258697,-49.649227
5.60,-0.879961,-9.384051,2.651846,-1.054353,-0.170126,3.666871,37.225960,28.705057,-40.207542
5.80,-7.916056,-5.644669,-1.414158,-1.201877,2.537229,1.289384,51.593102,17.904121,-18.941830
6.00,-1.859821,-4.239483,-8.252247,-0.985326,2.741869,-0.702037,15.171003,10.494008,-9.427069
6.20,3.506083,-3.567100,-8.571690,-0.498924,0.973414,-3.478267,-6.313943,-18.225666,-14.937154
6.40,6.090930,1.389632,-7.154540,-0.375529,1.532508,-3.325092,-1.724642,-45.673779,-28.281202
6.60,5.556733,5.839086,-5.300700,-0.097891,0.658207,-2.959642,27.857351,-62.350189,-33.878983
6.80,0.585643,8.950952,-4.252644,-0.324064,0.246331,-1.833817,45.659164,-60.450161,-32.578194
7.00,-5.082953,5.978468,-5.721838,1.879480,-3.978871,1.074970,49.839230,-59.412449,-34.054367
7.20,-3.543771,8.101499,-3.641278,0.716698,0.195171,2.500424,24.028061,-61.517101,-30.897400
7.40,4.630710,7.206583,-4.187439,0.554207,4.916854,-0.105069,13.607132,-59.514763,-48.523823
7.60,4.953143,8.441879,0.982254,-0.298408,4.326911,-0.012675,24.904999,-58.462437,-60.187077
7.80,5.934200,2.112862,6.644869,-2.824793,1.581988,4.075082,2.177726,-21.733410,-75.431160
8.00,7.624729,-4.785047,4.809574,-0.324980,-2.092672,2.104431,-12.686350,-2.119263,-54.501606
8.20,4.198806,-8.790034,-2.991627,0.076511,-3.295465,2.228894,0.380006,17.465654,-27.491961
8.40,-0.955334,-10.075578,-1.739582,1.335351,-1.193936,1.503950,18.035662,28.310436,-34.112831
8.60,1.586441,-9.294920,1.963311,0.675770,-2.760042,-1.797624,7.833967,24.437300,-33.440514
8.80,4.731208,-8.524430,0.854238,0.643699,-3.848604,-0.635605,17.012569,24.437300,-23.501900
9.00,2.912663,-9.288938,-2.276173,0.386372,-3.123965,0.788627,39.359837,26.235020,-26.410406
9.20,-1.166501,-9.637691,-1.197010,0.641714,3.990324,3.510032,54.457760,9.763227,-13.431746
9.40,-6.248857,-2.810370,-7.283752,-0.431882,2.559220,2.480724,39.666763,-8.959369,-0.672318
9.60,2.048256,-1.131805,-9.699306,-1.361924,4.506658,0.478002,-6.050862,-15.843322,-14.981000
9.80,7.999206,-0.321236,-3.349952,-1.615739,3.631288,1.026254,-17.231804,-15.448700,-42.721428
10.00,9.752547,1.399801,1.602593,-1.555263,3.218343,1.758376,-2.133879,-2.630810,-68.547211
10.20,5.849853,-3.236891,7.938787,0.372781,3.152523,2.246762,26.030401,3.843905,-77.521194
10.40,5.289933,-5.045865,6.906284,-0.757320,-1.445154,1.226465,24.218065,13.270972,-72.785736
10.60,-3.948756,-7.746166,4.049852,0.062308,0.296880,2.635120,59.193218,7.483192,-67.027191
10.80,-8.558528,-4.441677,3.957131,0.682031,-0.468534,4.712672,66.881027,-28.339666,-66.544876
11.00,-7.127621,5.740382,3.038885,-0.205709,1.748296,3.132211,49.736919,-49.181526,-66.501022
11.20,-1.279562,4.165905,7.996215,-2.983008,-2.505158,0.042761,16.910259,-26.629642,-79.581993
11.40,1.728216,0.619143,10.325628,-1.019992,-3.022714,0.368657,-4.253142,-14.776381,-69.424149
11.60,8.709875,-0.962513,5.278566,-0.508393,-3.426343,0.156076,-15.945630,-16.106401,-35.019001
11.80,8.180463,0.736989,-4.508676,-0.060170,-3.499494,-0.543975,8.009354,-26.644257,-6.328559
12.00,4.198207,1.144966,-8.567502,0.666149,-2.150551,2.199268,34.127445,-27.272728,0.336159
12.20,0.542572,-1.753939,-9.975080,0.828486,-1.579697,0.234267,50.482315,-22.405729,-3.040047
12.40,-5.437689,-1.116252,-8.035697,-1.289995,-3.000112,0.124311,72.537270,-26.848873,-22.405729
12.60,-7.960323,2.218745,-4.543970,-1.783726,-1.867568,1.838857,67.071030,-46.959953,-48.085358
12.80,-5.261817,7.980662,0.262014,-0.402255,-1.246929,3.281721,30.502779,-58.272434,-60.040920
13.00,5.610571,7.247262,1.991427,-0.084758,0.399659,4.267199,0.803859,-39.359837,-64.732536
13.20,9.393025,1.948954,0.932603,0.556956,-0.551153,2.008678,-11.385560,-17.831043,-58.973988
13.40,9.242876,1.144367,-3.459423,0.605978,-2.397646,-0.210138,-16.179480,-19.877228,-34.843613
13.60,5.660222,2.668596,-8.793623,0.711505,-1.847867,-1.110553,-7.673195,-21.148787,-18.459515
13.80,6.562914,-1.317249,-6.592227,3.015383,1.912772,-1.679727,-11.765566,-21.543409,-24.495762
14.00,7.515856,-4.817948,-4.478765,2.897639,0.491594,1.069778,-11.765566,3.902368,-32.271267
14.20,1.824527,-9.672985,-0.259621,1.423469,-1.439504,3.324329,12.759428,27.448114,-33.937447
14.40,-5.081758,-8.410771,0.125025,-0.704022,-1.773494,2.812423,51.900028,23.531132,-30.137386
14.60,-7.816754,-4.372285,3.442674,-0.337198,-2.296853,1.822058,70.125694,10.187079,-38.526745
14.80,-6.607780,-5.335995,4.892724,-0.919658,-1.871691,-0.378584,65.726395,13.504823,-48.275356
15.00,-3.154937,-6.876374,6.500103,-0.309251,-1.614364,-0.112399,52.221573,21.002630,-56.460102
