time,accelx,accely,accelz,gyrox,gyroy,gyroz,magx,magy,magz
0.00,0.263809,0.022732,-9.695717,0.001985,0.004581,-0.000153,35.632854,-35.340546,-2.499269
0.20,0.266202,0.024526,-9.693923,0.002443,0.004887,-0.000153,35.705933,-35.121311,-1.753873
0.40,0.260219,0.022732,-9.691529,0.002291,0.004581,-0.000458,35.910553,-35.033615,-2.382344
0.60,0.265603,0.025723,-9.694522,0.002291,0.004734,0.000000,36.144402,-35.121311,-2.177726
0.80,0.265005,0.022732,-9.693923,0.002443,0.005040,0.000000,35.252850,-34.726688,-1.885414
1.00,0.265005,0.023330,-9.694522,0.002138,0.004887,-0.000153,34.975155,-35.194389,-2.031570
0.00,-0.410369,-9.882957,-0.816551,0.001985,0.004581,0.000305,27.681965,33.981293,-36.436714
0.20,-0.418146,-9.879965,-0.808774,0.002291,0.004581,0.000305,28.149664,33.294357,-34.653610
0.40,-0.409173,-9.882957,-0.815354,0.001833,0.004734,-0.000153,28.076586,29.991230,-35.808243
0.60,-0.406182,-9.887741,-0.815953,0.001985,0.004581,-0.000305,27.126572,34.200523,-35.647472
0.80,-0.410967,-9.884750,-0.816551,0.001985,0.004734,-0.000153,27.316574,33.995907,-34.872845
1.00,-0.407976,-9.884750,-0.816551,0.002291,0.004734,0.000000,27.462730,34.171295,-36.085937
0.00,-0.725025,-0.970888,9.809377,0.002596,0.005040,0.000305,24.773458,-6.123940,-93.130669
0.20,-0.713061,-0.978066,9.813564,0.001527,0.004276,0.000000,24.788074,-6.167788,-92.706810
0.40,-0.723231,-0.974477,9.810574,0.002443,0.004887,0.000153,24.685764,-6.094709,-93.554512
0.60,-0.713659,-0.978664,9.812965,0.001833,0.004429,0.000000,25.065771,-6.123940,-92.414497
0.80,-0.720838,-0.976870,9.810574,0.001833,0.004276,0.000000,24.788074,-6.211634,-92.399887
1.00,-0.717249,-0.973281,9.810574,0.002138,0.005040,0.000153,24.568840,-5.758550,-93.306053
0.00,0.660419,9.416954,-1.093520,0.002138,0.004887,0.000153,14.630225,-59.704762,-50.043846
0.20,0.661615,9.416355,-1.089931,0.002138,0.004734,0.000000,15.229465,-59.631687,-48.728443
0.40,0.655035,9.413963,-1.092324,0.002291,0.004734,0.000153,15.317159,-59.573227,-49.298450
0.60,0.664008,9.420543,-1.093520,0.002291,0.004581,0.000305,14.951769,-59.237064,-49.093834
0.80,0.659821,9.419346,-1.097109,0.002443,0.004887,-0.000153,14.557147,-59.821690,-47.909969
1.00,0.659223,9.420543,-1.092922,0.001985,0.004734,0.000305,15.039462,-59.397835,-47.983047
0.00,9.622138,-0.351147,-2.079961,0.002138,0.003818,0.000153,-15.244081,-15.390237,-56.401634
0.20,9.620344,-0.351745,-2.075176,0.002443,0.004429,0.000305,-15.404852,-15.302544,-55.378544
0.40,9.616754,-0.357129,-2.071586,0.002443,0.004429,0.000305,-15.054078,-16.267174,-56.401634
0.60,9.624531,-0.357727,-2.069193,0.002443,0.005498,0.000305,-15.214850,-15.989476,-57.410114
0.80,9.617352,-0.357129,-2.074577,0.002291,0.004429,0.000305,-14.966384,-15.784858,-56.474716
1.00,9.617950,-0.353540,-2.072783,0.002291,0.004581,0.000611,-14.469454,-15.697165,-57.015491
0.00,-9.787842,-0.020937,0.259023,0.002291,0.003207,0.001069,75.635780,-17.246420,-65.273315
0.20,-9.786645,-0.020937,0.256032,0.002138,0.004123,0.000916,76.147324,-17.041801,-65.361008
0.40,-9.780065,-0.019143,0.268594,0.002443,0.002596,0.001985,75.986549,-17.304880,-66.544876
0.60,-9.783654,-0.026919,0.254836,0.002291,0.004276,0.000153,77.038879,-17.085648,-65.434090
0.80,-9.787243,-0.029312,0.247657,0.002138,0.005345,-0.000153,76.074249,-16.997953,-65.083305
1.00,-9.789038,-0.026919,0.252443,0.002138,0.004734,-0.000153,76.001167,-16.617949,-65.624084
0.00,-5.413761,-0.139382,-8.099107,0.002138,0.004887,0.000305,71.441101,-12.306343,-27.901199
0.20,-5.415556,-0.136989,-8.096116,0.001833,0.004734,0.000458,70.856476,-12.262496,-28.412745
0.40,-5.413761,-0.136989,-8.099705,0.002138,0.004581,0.000305,70.944168,-12.350189,-26.892721
0.60,-5.408976,-0.136391,-8.100304,0.002138,0.004887,0.000458,70.710320,-11.984799,-27.696579
0.80,-5.413761,-0.135793,-8.099107,0.002138,0.004734,0.000000,71.324173,-12.116341,-27.594271
1.00,-5.433502,-0.145962,-8.115856,0.002596,0.005040,0.000611,71.061096,-12.496346,-28.149664
0.00,-4.432704,8.447861,-0.222532,0.002291,0.004734,0.000458,66.895645,-47.676121,-43.437592
0.20,-4.436294,8.446067,-0.220140,0.002138,0.004581,0.000611,67.421806,-47.719963,-44.343761
0.40,-4.430909,8.447262,-0.221934,0.002138,0.004734,0.000764,67.231804,-47.763813,-43.042969
0.60,-4.431507,8.446664,-0.221934,0.002291,0.004887,0.000458,66.252556,-48.202278,-43.174511
0.80,-4.432106,8.450253,-0.229711,0.002138,0.005040,0.000611,67.056419,-48.056122,-44.022213
1.00,-4.432106,8.455039,-0.229113,0.002443,0.004734,0.000458,67.567963,-47.866119,-43.978371
0.00,-6.528817,-0.260219,7.317252,0.002138,0.004429,0.000611,73.545746,-18.123356,-65.726395
0.20,-6.535397,-0.254237,7.321439,0.002443,0.004887,0.000611,74.817307,-17.816427,-65.287933
0.40,-6.532406,-0.258425,7.322635,0.002138,0.004429,0.000764,73.823448,-18.137972,-64.966385
0.60,-6.531209,-0.261416,7.325626,0.002443,0.004581,0.000458,73.969597,-17.494884,-66.442558
0.80,-6.527620,-0.267398,7.319644,0.002291,0.004887,0.000458,74.714996,-17.933352,-65.331772
1.00,-6.535397,-0.265603,7.322635,0.002291,0.004581,0.000611,74.598068,-17.290266,-65.390236
0.00,-4.980062,-8.566903,-0.220140,0.002138,0.004429,0.000458,69.511833,9.120140,-51.096172
0.20,-4.986642,-8.564510,-0.220738,0.002291,0.004276,0.000458,69.321838,9.280911,-50.394619
0.40,-4.980660,-8.567502,-0.220738,0.002291,0.004429,0.000611,69.380295,9.529378,-50.204617
0.60,-4.983053,-8.565108,-0.215354,0.002138,0.004429,0.000611,69.131836,9.456299,-49.634609
0.80,-4.981258,-8.562119,-0.220738,0.002138,0.004581,0.000611,69.204910,9.514762,-50.087696
1.00,-4.986642,-8.565108,-0.217149,0.002138,0.004581,0.000764,68.971062,8.930138,-50.979244
0.00,5.934200,7.365706,-1.657628,0.002443,0.004887,0.000916,-7.863198,-39.988308,-48.626133
0.20,5.933003,7.364510,-1.654039,0.002291,0.004887,0.000916,-7.059340,-39.725227,-48.523823
0.40,5.931209,7.366903,-1.652244,0.002291,0.004581,0.000305,-7.351652,-39.915230,-48.333820
0.60,5.931807,7.360322,-1.650449,0.002443,0.004734,0.000611,-7.541654,-39.549839,-48.684593
0.80,5.925825,7.364510,-1.653440,0.002138,0.004734,0.000611,-7.731658,-40.032154,-48.070740
1.00,5.928218,7.363912,-1.654637,0.002749,0.004734,0.001069,-7.950891,-39.856766,-47.047649
0.00,5.862415,-0.029910,-7.786245,0.002443,0.004887,0.000764,-8.477054,-14.410991,-28.748903
0.20,5.864809,-0.026919,-7.787441,0.002291,0.004581,0.000916,-8.360128,-15.463315,-29.581993
0.40,5.863014,-0.026321,-7.784451,0.002138,0.004887,0.000916,-8.740134,-14.864075,-29.801229
0.60,5.862415,-0.023928,-7.790432,0.002291,0.005040,0.000764,-8.520901,-11.517100,-28.734287
0.80,5.865406,-0.028714,-7.788040,0.002138,0.004734,0.000611,-8.579363,-14.352529,-29.611223
1.00,5.861817,-0.022732,-7.787441,0.002291,0.004581,0.000611,-8.038585,-14.571762,-28.938908
0.00,5.360521,-8.320443,-0.962513,0.002138,0.004581,0.001222,-6.927799,10.347852,-45.600700
0.20,5.358726,-8.326425,-0.952343,0.002443,0.004581,0.000916,-7.439345,9.500146,-43.759136
0.40,5.367101,-8.330612,-0.952343,0.002443,0.004581,0.000611,-7.453961,9.763227,-43.101433
0.60,5.363512,-8.325229,-0.955334,0.002138,0.004734,0.000916,-7.453961,8.900907,-43.262203
0.80,5.359923,-8.322835,-0.957129,0.001985,0.004581,0.000916,-7.877813,9.646302,-43.656826
1.00,5.364708,-8.324630,-0.953540,0.002443,0.004429,0.000611,-7.731658,9.763227,-43.145279
0.00,5.033901,-0.626321,8.489137,0.002138,0.004887,0.001069,-6.197019,-14.995615,-73.764977
0.20,5.036294,-0.629911,8.487941,0.002291,0.004734,0.001069,-6.518562,-15.580240,-74.320374
0.40,5.038686,-0.631107,8.489137,0.002138,0.004581,0.000916,-6.197019,-15.141771,-73.808823
0.60,5.035097,-0.633500,8.488539,0.001985,0.004887,0.000916,-6.898568,-14.849459,-74.481148
0.80,5.034499,-0.619741,8.494520,0.002443,0.004429,0.000916,-6.007015,-14.981000,-72.741890
1.00,5.043472,-0.611964,8.494520,0.002443,0.004734,0.000764,-6.387022,-15.287927,-73.355743
