time,accelx,accely,accelz,gyrox,gyroy,gyroz,magx,magy,magz
0.00,0.190229,0.925424,-9.614960,0.011454,-0.014355,0.358272,41.245251,-52.879272,92.692200
0.20,0.195015,0.908076,-9.622736,0.009163,-0.008705,0.244041,41.756798,-54.676998,92.429115
0.40,0.293121,0.869791,-9.622736,0.009774,-0.011454,0.292910,42.926044,-55.670856,91.084480
0.60,0.320638,0.818944,-9.629316,0.014355,-0.019853,0.448681,43.890675,-57.234730,93.335281
0.80,0.339183,0.799203,-9.641879,0.012828,-0.017562,0.407753,44.446068,-58.389359,92.122185
1.00,0.389432,0.757328,-9.653843,0.013286,-0.017104,0.384998,44.256065,-60.304005,92.341423
1.20,0.463609,0.664607,-9.667004,0.020311,-0.029474,0.625526,44.592224,-63.548672,91.873726
1.40,0.503689,0.575474,-9.665807,0.024435,-0.037721,0.789849,43.291435,-67.524117,91.245255
1.60,0.522234,0.324826,-9.683155,0.037110,-0.062461,1.236544,41.800644,-71.470329,90.543701
1.80,0.482752,0.063410,-9.698708,0.056963,-0.097891,1.890628,35.866703,-77.141190,90.602165
2.00,0.307478,-0.193220,-9.695119,0.059559,-0.105374,2.067626,27.798887,-78.968140,90.061386
2.20,-0.011366,-0.383450,-9.689735,0.068570,-0.110261,2.208889,18.050278,-77.404266,91.216019
2.40,-0.415155,-0.308076,-9.678370,0.075747,-0.128893,2.637716,10.377083,-68.094124,92.706810
2.60,-0.698106,-0.048455,-9.675977,0.077580,-0.129962,2.642145,9.763227,-56.284714,93.028351
2.80,-0.850649,0.488734,-9.635299,0.063530,-0.115454,2.346792,19.073370,-44.446068,95.118385
3.00,-0.622134,0.750748,-9.629915,0.057727,-0.108581,2.167350,23.691902,-45.074539,97.076881
3.20,-0.415155,0.924228,-9.620344,0.035125,-0.062766,1.266934,28.690443,-44.270683,93.656830
3.40,-0.289532,0.982254,-9.623933,0.017257,-0.024129,0.539852,31.613564,-45.118385,95.103767
3.60,-0.206979,1.022932,-9.622138,0.010385,-0.013134,0.328035,33.411282,-45.746857,89.915230
3.80,-0.181855,1.055235,-9.620941,0.006872,-0.006414,0.204640,34.083603,-46.799183,93.700668
0.00,-9.764511,-0.154337,0.551546,3.852269,0.013897,-0.355829,106.211639,-27.316574,-69.877228
0.20,-9.772885,-0.478565,0.578465,4.266893,0.009316,-0.392786,108.959366,-40.456005,-58.287048
0.40,-9.737592,-0.640080,0.887139,4.859738,0.012675,-0.450208,108.871674,-31.949722,-37.693657
0.60,-9.711869,-0.381655,1.195215,4.966793,0.009621,-0.469603,108.871674,-6.343175,-40.631397
0.80,-9.731610,0.008375,1.059422,4.958393,0.010843,-0.465479,106.328560,-4.676995,-63.124817
1.00,-9.760324,0.032303,0.708275,4.475504,0.010690,-0.417985,105.524696,-22.551886,-71.572639
1.20,-9.766904,-0.369093,0.515653,4.563622,0.010385,-0.421497,106.737793,-37.562119,-61.663258
1.40,-9.734601,-0.628714,0.762114,4.932889,0.013439,-0.461356,110.640167,-32.505116,-40.646011
1.60,-9.717253,-0.477368,1.127020,4.958240,0.012675,-0.466701,110.216309,-10.435545,-38.263668
1.80,-9.705289,-0.077767,1.137189,4.856989,0.007330,-0.447459,107.877815,-2.221573,-53.171585
2.00,-9.733404,0.081356,0.862613,4.050647,0.008399,-0.373086,106.898567,-12.920199,-68.298744
2.20,-9.767502,-0.215354,0.526421,4.198477,0.015424,-0.388663,107.132423,-29.625839,-67.231804
2.40,-9.792028,-0.523430,0.631107,4.916702,0.011606,-0.455553,107.936272,-40.938320,-52.937740
2.60,-9.732806,-0.579063,0.994816,4.969847,0.012523,-0.465632,110.274765,-26.030401,-37.518269
2.80,-9.714860,-0.270389,1.164108,4.906317,0.014355,-0.457080,108.857056,-5.290851,-44.270683
3.00,-9.741779,0.045464,0.987039,4.442670,0.010843,-0.414167,106.416252,-6.007015,-62.262493
3.20,-9.760324,0.010169,0.696910,3.755905,0.009316,-0.349568,105.553940,-19.161064,-71.090324
3.40,-9.756136,-0.372682,0.532403,4.203058,0.009163,-0.387899,107.015488,-36.655949,-64.206375
3.60,-9.723833,-0.626920,0.751346,4.903110,0.012523,-0.456622,108.491669,-38.175972,-46.463020
3.80,-9.719646,-0.475573,1.112064,4.999627,0.012981,-0.487623,109.617065,-16.194096,-37.839813
0.00,9.751350,-0.706481,-1.207179,-4.938234,0.251218,0.824057,-55.568546,-33.572052,-26.191172
0.20,9.722637,-1.030708,-1.374079,-4.664262,0.236099,0.765872,-59.807076,-34.931309,-44.826077
0.40,9.659227,-0.988236,-1.715056,-4.262160,0.214719,0.695165,-59.865536,-16.705641,-52.250801
0.60,9.655040,-0.528814,-1.879562,-4.805219,0.238390,0.795041,-57.132416,0.306928,-40.719090
0.80,9.728021,-0.372084,-1.530210,-5.003597,0.268475,0.901637,-53.916985,-9.397837,-20.593395
1.00,9.780065,-0.729213,-1.204188,-5.003597,0.295964,0.979370,-55.056999,-34.697456,-27.769657
1.20,9.721440,-1.051646,-1.448854,-5.003139,0.271988,0.888503,-59.660919,-31.438175,-49.210758
1.40,9.671191,-0.890728,-1.784448,-4.813313,0.240986,0.789085,-60.230930,-3.346974,-49.561531
1.60,9.683155,-0.410369,-1.777269,-4.883257,0.242819,0.811229,-55.992401,-0.219234,-30.502779
1.80,9.748360,-0.404985,-1.382453,-4.946329,0.246790,0.829555,-54.370071,-19.263372,-19.292604
2.00,9.751350,-0.749552,-1.199402,-4.920062,0.250607,0.819934,-57.570885,-35.895939,-28.193510
2.20,9.698111,-1.047458,-1.453042,-4.855004,0.243735,0.802982,-60.625546,-27.068108,-51.023090
2.40,9.653843,-0.912862,-1.779662,-4.288579,0.214719,0.702800,-60.420929,-7.658579,-50.350773
2.60,9.686744,-0.500698,-1.831108,-4.348444,0.214566,0.719599,-57.541656,1.023093,-37.752117
2.80,9.724432,-0.375673,-1.496112,-4.998863,0.255647,0.867887,-53.463902,-9.280911,-19.336452
3.00,9.768101,-0.712463,-1.228714,-5.003597,0.280998,0.942107,-54.633148,-35.238232,-28.617365
3.20,9.714262,-1.055833,-1.432104,-4.991533,0.261145,0.861931,-59.324760,-32.548962,-50.423855
3.40,9.661619,-0.921237,-1.777867,-4.475963,0.223424,0.735940,-59.061676,-13.563286,-52.002342
3.60,9.653843,-0.573081,-1.900499,-4.533995,0.220064,0.749532,-56.065475,0.321543,-37.532883
3.80,9.747163,-0.355334,-1.450051,-5.002223,0.261145,0.891863,-53.142357,-11.268635,-20.637241
0.00,-0.808774,-1.633700,9.754939,0.431576,0.764192,-5.003597,31.189711,-32.768196,-131.862030
0.20,-1.058824,-2.009373,9.642478,0.435394,0.778548,-5.003597,43.276821,-55.583160,-133.498978
0.40,-0.852443,-2.185245,9.654442,0.382554,0.676533,-4.935486,65.375618,-49.181526,-131.014328
0.60,-0.354736,-1.959124,9.722637,0.384540,0.679129,-4.933653,65.755630,-26.863491,-127.097343
0.80,-0.536590,-1.656431,9.711869,0.430660,0.750295,-5.003597,40.952938,-19.628763,-129.611237
1.00,-0.929612,-1.795215,9.653843,0.448222,0.790765,-5.003597,32.154339,-43.905293,-133.221283
1.20,-1.000798,-2.183451,9.611371,0.423177,0.751975,-5.003597,54.165447,-56.445484,-132.987427
1.40,-0.602991,-2.209173,9.638290,0.396604,0.692568,-4.954117,69.263374,-38.731365,-129.435837
1.60,-0.390030,-1.770689,9.734601,0.421192,0.755029,-5.003597,54.121601,-19.219526,-128.003510
1.80,-0.764507,-1.667199,9.747761,0.448528,0.797637,-5.003597,31.832796,-31.204325,-131.189713
2.00,-1.086341,-2.054238,9.652646,0.447153,0.804204,-5.003597,43.656826,-54.867001,-133.908218
2.20,-0.852443,-2.211566,9.655638,0.389274,0.695317,-4.947092,65.331772,-49.883076,-131.028931
2.40,-0.431904,-2.007578,9.714262,0.363923,0.641409,-4.774370,66.778717,-27.360422,-127.740433
2.60,-0.420539,-1.716252,9.700503,0.392481,0.697150,-4.990922,43.583748,-18.707981,-128.558899
2.80,-0.922433,-1.785644,9.675977,0.438143,0.779006,-5.003597,31.759718,-41.142941,-133.338196
3.00,-1.019342,-2.153541,9.633504,0.423635,0.758389,-5.003597,58.608593,-55.320084,-134.317444
3.20,-0.591625,-2.176272,9.674780,0.391717,0.688751,-4.928766,69.497223,-36.860569,-130.765854
3.40,-0.375075,-1.858027,9.731011,0.383165,0.681573,-4.915327,59.558605,-19.950306,-130.312775
3.60,-0.563510,-1.628914,9.747163,0.422566,0.750601,-5.003597,34.244373,-28.383514,-133.002045
3.80,-1.046860,-1.859821,9.697513,0.446542,0.807411,-5.003597,36.436714,-49.941536,-134.770538
