time,accelx,accely,accelz,gyrox,gyroy,gyroz,magx,magy,magz
0.00,9.996017,2.492723,0.273380,1.087493,4.082565,0.166155,-11.940953,-35.764397,-46.389942
0.20,7.052845,-2.060220,6.040681,-1.560302,1.636203,2.497064,-11.327098,-10.245543,-66.442558
0.40,-3.146562,-8.047063,5.305486,-2.522110,2.824488,1.581530,32.958202,18.547209,-74.247292
0.60,-5.060820,-8.351550,2.671587,-0.792750,0.295201,0.633314,43.335281,21.777258,-66.939491
0.80,-8.508877,-4.042674,2.716452,-0.721432,0.054978,3.460093,71.704178,3.829290,-60.552471
1.00,-6.864410,5.118248,3.153142,-4.997641,-0.666759,4.978552,70.973404,-39.520611,-63.080971
1.20,-3.847061,6.969096,3.612564,2.893058,0.611171,1.551750,61.137093,-55.349316,-43.349899
1.40,-1.833500,8.642278,-1.182054,1.202030,-1.669037,-0.111636,62.686348,-53.376205,-38.000584
1.60,0.494716,8.467602,-0.918246,-1.774869,-0.551153,2.079080,46.448406,-61.794800,-46.112247
1.80,2.866601,9.719646,-0.368495,0.461967,1.015563,0.894001,26.001171,-64.177147,-45.936863
2.00,6.186643,5.825925,5.132007,-0.029627,4.259411,3.061962,-0.789243,-46.185326,-64.527916
2.20,0.937986,2.861218,9.329018,0.943787,4.130823,-0.029016,28.456593,-45.907627,-80.970474
2.40,-7.772486,2.367100,5.264209,-0.178067,4.973817,-1.504866,71.821106,-40.982170,-59.339375
2.60,-9.256635,2.337788,-3.296113,-1.370476,3.335171,-1.323440,78.500435,-20.154926,-30.765858
2.80,-4.478168,-7.541579,-4.606184,1.088409,-1.229061,-4.456872,55.466240,23.633440,-39.885998
3.00,5.909674,-7.746166,-2.371886,-0.515112,0.513585,-4.282624,-0.672318,19.453377,-50.350773
3.20,7.461420,-2.876173,-5.197809,-0.476017,-4.217261,-1.594664,-5.086232,4.954691,-23.721134
3.40,9.492327,-0.930210,-1.003789,-0.370642,5.003597,-1.634828,-1.958492,-11.721719,-77.082726
3.60,4.802395,2.429313,8.201400,1.078635,3.718795,0.052076,38.789825,-22.858814,-85.969009
3.80,-6.173482,-1.164108,6.202196,-3.438102,4.963128,2.350915,79.304298,-17.991816,-55.758549
4.00,-0.641875,-8.190034,5.408377,-2.385581,-4.820643,-4.791780,32.037415,19.877228,-72.259575
4.20,6.895517,-5.271987,3.615555,1.533577,-2.135890,-3.358232,1.388483,2.499269,-75.577316
4.40,9.076575,2.772085,0.802194,-1.098641,-1.702634,-4.963891,2.630810,-42.560654,-71.104935
4.60,-2.313859,5.542375,8.730811,-4.126547,4.190994,-2.760347,53.215431,-11.297866,-83.396667
4.80,-6.792625,0.571885,7.354341,0.770759,2.044261,-1.710881,64.045601,-9.047062,-75.694237
5.00,-8.668000,7.357332,2.224727,4.321872,0.624457,-0.201738,62.510960,-48.363052,-66.194092
5.20,-6.883553,4.283153,-4.226922,1.622764,3.380223,-1.757307,74.218063,-38.512131,-35.340546
5.40,-5.151748,-8.997013,-4.383053,3.704898,-1.168280,-3.040734,60.055542,20.520315,-52.367729
5.60,-7.055836,-7.524231,0.961317,1.193172,0.502437,-1.269683,55.714703,13.753289,-69.979538
5.80,2.808575,-7.887342,4.348955,-0.368657,-3.737884,-4.792238,-2.645425,5.495469,-70.052620
6.00,7.281958,-3.357728,6.855437,1.898875,3.391676,-1.056797,-2.864659,1.461561,-72.814964
6.20,1.841875,-7.611569,-4.910670,0.053603,-4.770857,3.137557,17.831043,25.957321,-28.558901
6.40,-5.721239,-7.124629,-3.233302,1.557401,-3.162755,3.140458,59.587841,24.232681,-34.448990
6.60,-10.824533,-2.726023,-1.009771,-0.503506,-2.671925,1.606270,75.913475,2.090032,-53.098511
6.80,-5.756533,-1.320838,8.092526,-2.041359,-3.465438,1.239904,65.127159,0.774627,-71.017250
7.00,-0.087338,-2.477768,9.790832,-0.742354,-3.653432,2.524248,39.389069,-7.249342,-86.889801
7.20,3.550949,3.236891,7.725826,4.126547,-1.751351,-3.295312,44.650684,-49.970772,-74.174217
7.40,-8.598608,1.187438,4.104887,-1.546711,3.762930,-2.516154,77.038879,2.528500,-46.784565
7.60,-7.169495,-5.974280,-1.625923,0.561080,-0.625373,-4.046982,49.926922,27.360422,-51.388485
7.80,-3.768098,-7.675577,4.420740,0.117592,-3.774689,0.195324,43.393742,23.896521,-63.943291
8.00,-1.328017,-5.683552,8.709276,-0.514349,-2.762638,4.012468,67.158722,10.114001,-64.820229
8.20,-8.123632,-2.588436,3.528815,0.766178,2.569452,4.287816,73.911133,-18.839520,-23.838060
8.40,-7.769495,-2.324029,-6.293722,4.042248,3.342654,-0.435241,47.529964,18.006430,-17.436422
8.60,-4.298706,-6.114859,-7.155138,-0.284969,4.100433,0.782060,34.054367,20.578777,-17.231804
8.80,-7.257431,-1.491327,-6.062216,-2.969263,-4.513989,0.156229,71.368019,1.315405,-26.161942
9.00,-9.474979,-2.967698,2.144567,-3.708716,-2.616183,-1.116814,75.504234,3.843905,-40.105232
9.20,-6.129814,-7.255637,-1.009173,-4.960073,-2.005165,-0.727082,72.420349,7.088570,-33.528210
9.40,-2.939583,-7.777272,-5.087141,-0.957531,0.228769,-1.338253,57.424728,9.470915,-15.667933
9.60,4.269393,-3.775276,-7.845467,2.165212,2.475837,-0.616210,32.958202,12.525578,-11.107863
9.80,8.349156,-2.197808,-2.761317,1.488831,4.778340,-2.724459,-12.993277,-0.993861,-35.530548
10.00,6.976274,5.484948,3.809374,0.422108,0.239612,-0.487470,-11.838644,-26.571178,-63.227127
10.20,10.229915,0.287737,1.616950,4.081954,-1.821905,3.977649,-5.875475,9.163987,-64.674072
10.40,6.352346,-5.745167,4.439284,0.200517,0.583376,1.173930,2.850044,18.956446,-60.464775
10.60,7.643872,-4.972286,-5.204389,-0.324064,-3.431841,-1.405906,-5.130079,5.071617,-22.318035
10.80,5.047061,2.914458,-7.440482,-1.297478,1.325883,-1.875356,-9.047062,-27.491961,-26.498100
11.00,7.977072,3.977470,1.671387,-1.686599,4.544684,0.956768,-3.434668,-19.336452,-75.913475
11.20,6.446264,-2.275574,7.375876,-2.364659,1.141554,3.339295,14.907922,14.279450,-75.270393
11.40,5.385645,-9.777073,1.657628,-1.871386,-2.941316,1.980120,30.239695,29.830460,-57.117802
11.60,1.342972,-9.665209,-1.281357,-1.420109,-1.108720,-0.509003,24.071909,31.730488,-42.692196
11.80,6.119644,-2.040479,-6.410970,-3.738953,-1.291064,-4.955797,-13.534054,-31.043552,-37.547501
12.00,0.483350,2.753541,-9.304491,3.980551,-2.093740,-0.411570,16.866413,-18.956446,-4.662379
12.20,-4.466204,-0.905085,-8.626723,0.155618,-1.159117,4.218330,48.392284,-9.149372,-5.977784
12.40,-8.856435,2.713461,-1.487737,-2.876106,-4.413501,-0.649197,80.765854,-21.748028,-39.842152
12.60,-9.437292,2.106880,2.891128,0.424704,1.525483,1.379486,69.541069,-33.805904,-22.727274
12.80,0.142971,6.397211,-6.702296,-0.959822,4.621654,3.676187,-2.864659,-25.796551,-18.357204
13.00,8.477173,0.733998,-3.464209,-1.782963,-0.205098,3.789197,9.412453,0.701549,-9.894768
13.20,8.227720,-1.451247,-5.937191,-1.750740,1.015716,2.893058,6.226250,-4.691610,-10.917860
13.40,7.439286,-5.185246,-1.860420,-1.057713,2.698955,3.836997,0.686934,11.312482,-21.850336
13.60,-0.103490,-6.749555,-7.414161,-2.912606,-1.640326,1.850158,30.663549,-7.307805,-3.186203
13.80,-0.005982,-5.642276,-9.009575,1.375210,1.320843,0.248622,4.282373,3.346974,-14.381761
14.00,8.472985,-3.314658,1.186840,4.984202,-2.005623,-4.753753,-12.057878,-20.534931,-27.696579
14.20,5.992226,5.421538,-5.659025,4.571105,-1.157131,-4.592943,0.467699,-23.311897,-14.177140
14.40,0.798605,3.136392,-8.695518,0.054062,0.333838,-4.370893,16.077169,-40.967552,-13.504823
14.60,-0.604786,-4.181458,-9.519845,3.665497,0.227395,-3.689931,33.601288,-22.274189,-3.200819
14.80,0.455235,-2.073979,-9.887143,0.046426,-0.120799,1.469436,36.012859,-25.299622,-4.384683
15.00,-0.129212,-5.861817,-7.522437,3.705356,-0.344681,-1.321607,29.874308,14.659457,-11.560947
