time,accelx,accely,accelz,gyrox,gyroy,gyroz,magx,magy,magz
0.00,-1.31,-1.69,-9.13,0.28,-0.43,1.70,44.36,6.04,-12.36
0.20,-1.03,-2.18,-9.62,0.10,-0.67,0.58,52.43,5.83,-14.57
0.40,-2.24,-3.21,-9.66,0.30,-0.79,0.23,61.43,4.98,-19.80
0.60,-6.05,-1.80,-6.85,-0.11,-2.22,0.82,75.53,-4.19,-34.76
0.80,-7.90,0.34,-4.56,-2.23,-0.95,0.64,77.92,-24.06,-37.01
1.00,-6.93,5.76,-3.90,-1.59,0.35,0.64,75.17,-36.95,-38.45
1.20,-5.15,6.85,-3.07,-0.36,0.92,0.44,68.06,-43.66,-33.91
1.40,-2.62,8.21,-3.80,-0.40,1.01,1.17,55.79,-52.76,-28.88
1.60,0.89,8.77,-3.90,0.04,1.32,1.00,37.83,-55.79,-24.70
1.80,7.41,6.87,2.84,-2.39,3.93,3.15,-2.78,-49.62,-41.17
2.00,6.74,5.45,3.95,-0.08,1.75,-0.52,2.38,-56.04,-52.00
2.20,3.32,7.24,5.44,0.15,2.04,-1.50,18.84,-61.27,-58.90
2.40,-1.40,7.49,5.03,-0.08,2.51,-1.30,32.13,-62.91,-62.99
2.60,-4.69,8.18,1.82,-0.19,3.55,0.91,37.59,-63.23,-58.62
2.80,-5.21,7.83,0.71,-0.21,1.23,-0.20,43.79,-63.10,-52.97
3.00,-6.79,6.42,-2.03,0.29,1.78,-1.98,64.85,-51.89,-44.34
3.20,-8.95,2.16,-3.63,-0.39,0.59,-1.65,74.29,-39.35,-45.06
3.40,-8.88,0.55,-4.10,-0.65,0.41,-0.92,76.12,-33.35,-38.91
3.60,-7.65,1.98,-5.58,-1.39,0.52,0.39,70.91,-41.20,-36.06
3.80,-6.37,3.49,-6.04,-0.85,0.20,0.38,65.45,-49.68,-40.31
4.00,-4.98,6.65,-4.58,-0.52,-0.33,1.50,52.19,-60.36,-48.01
4.20,-2.64,8.34,-3.40,-0.22,0.08,1.52,36.64,-64.47,-53.89
4.40,0.91,8.84,-4.20,1.27,1.05,1.84,14.13,-61.75,-46.16
4.60,6.46,5.95,-4.23,-0.40,0.07,2.60,-8.77,-45.82,-48.80
4.80,6.36,5.10,-5.49,0.49,-1.99,-0.14,-4.40,-44.67,-34.26
5.00,2.05,4.50,-8.26,0.36,-2.27,-0.20,12.48,-44.33,-19.34
5.20,-3.30,4.32,-7.88,-0.36,-2.02,-1.28,38.35,-48.01,-16.95
5.40,-6.58,3.61,-6.18,-0.21,-1.00,-0.76,53.03,-47.28,-22.35
5.60,-8.24,2.42,-4.91,-0.27,-0.34,-2.00,65.40,-38.45,-26.05
5.80,-8.28,-1.42,-5.13,-1.84,-0.28,-2.15,74.63,-26.91,-30.94
6.00,-8.23,-2.08,-4.73,-2.76,-0.70,-1.44,79.25,-19.64,-36.61
6.20,-6.41,0.27,-7.52,-1.37,2.27,0.27,71.09,-27.92,-24.93
6.40,-3.22,1.50,-8.85,0.10,1.10,0.10,59.75,-32.49,-16.47
6.60,-1.73,1.67,-9.42,0.09,0.94,0.60,51.02,-35.30,-14.94
6.80,-0.21,1.60,-9.74,-0.18,0.63,0.13,37.94,-33.65,-9.38
7.00,5.12,1.76,-7.35,-0.62,3.58,0.17,13.12,-36.67,-13.56
7.20,8.39,1.24,-5.00,0.37,1.58,0.42,-5.76,-32.97,-26.28
7.40,9.69,1.05,0.33,0.89,2.24,-0.04,-17.09,-28.14,-47.06
7.60,8.16,0.93,5.39,0.15,2.63,-0.35,-11.63,-30.14,-66.88
7.80,5.15,0.79,8.07,0.11,1.18,-0.13,-3.27,-33.63,-75.65
8.00,3.85,2.10,8.78,0.51,0.41,-0.38,0.88,-40.18,-77.99
8.20,2.89,4.12,8.81,1.01,0.77,-0.44,11.98,-50.95,-75.74
8.40,-2.91,6.34,6.25,-0.42,1.85,-0.87,33.79,-53.71,-78.12
8.60,-5.77,1.44,7.39,-2.78,0.97,-2.23,51.51,-27.24,-87.83
8.80,-6.15,-3.85,6.13,-1.26,0.28,-1.98,55.01,-2.72,-84.36
9.00,-3.12,-7.80,5.06,-0.81,-1.49,-1.79,32.84,13.69,-82.87
9.20,1.45,-7.97,6.18,1.17,-1.89,-0.54,10.46,4.69,-84.07
9.40,4.86,-6.34,6.43,0.46,-0.88,0.13,-1.39,-3.60,-79.92
9.60,6.14,-4.69,5.86,0.93,-1.53,-1.19,-14.47,-16.92,-68.87
9.80,9.01,-2.99,3.76,0.47,-1.11,-0.44,-17.82,-25.10,-55.70
10.00,9.23,-0.23,0.04,0.13,-1.67,-0.66,-9.59,-32.91,-31.00
10.20,8.63,0.56,-4.53,0.12,-1.26,-0.69,4.14,-38.26,-21.03
10.40,6.11,1.58,-6.86,0.48,-1.51,-0.30,17.99,-38.92,-14.13
10.60,4.81,1.81,-8.02,-0.02,-0.65,-0.55,25.33,-39.51,-12.19
10.80,2.93,3.04,-8.03,-1.06,-0.90,0.08,39.54,-43.58,-14.09
11.00,-1.21,3.21,-8.75,-0.11,-2.29,0.23,57.48,-42.75,-21.43
11.20,-5.31,3.99,-7.27,-0.11,-2.02,0.28,65.99,-48.36,-37.24
11.40,-7.35,5.65,-2.88,-1.36,-2.62,0.75,62.69,-53.10,-60.03
11.60,-6.31,6.87,1.51,-0.50,-2.19,0.88,46.57,-53.33,-77.02
11.80,-4.02,6.23,6.20,-1.13,-2.17,0.11,28.78,-44.97,-85.05
12.00,1.07,5.43,7.71,-0.56,-2.40,1.46,1.77,-35.74,-81.07
12.20,2.91,5.77,7.49,0.57,-0.46,0.57,-1.43,-35.46,-77.49
12.40,5.72,4.72,7.14,-1.14,-1.82,1.02,-12.98,-24.01,-68.81
12.60,9.29,2.99,1.48,0.62,-1.64,0.26,-17.42,-18.20,-42.12
12.80,9.48,2.31,-0.81,0.38,-1.24,1.04,-13.08,-7.03,-31.41
13.00,9.43,0.10,-2.85,0.37,-0.50,0.75,-7.50,2.19,-26.29
13.20,7.76,-2.82,-5.18,1.68,-2.62,1.04,27.76,19.79,-19.25
13.40,0.03,-6.03,-7.70,1.10,-2.78,0.95,55.66,20.78,-32.13
13.60,-6.40,-6.99,-2.18,1.32,-3.08,1.32,62.19,7.88,-74.01
13.80,-5.69,-4.92,6.01,2.26,-2.71,-0.12,41.20,-5.41,-89.64
14.00,-1.69,-8.45,4.93,-2.09,0.23,-3.03,27.70,19.89,-78.30
14.20,3.03,-9.28,1.86,-1.16,0.87,-1.99,12.69,22.81,-70.40
14.40,6.91,-7.35,0.56,-1.72,0.66,-1.74,0.00,22.54,-58.48
14.60,4.83,-6.14,-5.70,-1.55,-2.78,0.72,10.23,24.35,-31.18
14.80,1.14,-6.36,-7.83,0.29,-1.14,0.49,23.65,26.69,-29.00
15.00,-2.05,-6.37,-7.46,-0.52,-1.09,0.82,41.52,24.69,-27.35
