time,accelx,accely,accelz,gyrox,gyroy,gyroz,magx,magy,magz0.00,0.46,-0.02,-9.68,0.00,0.00,-0.04,30.74,-38.56,-13.36
0.20,0.46,-0.01,-9.68,0.02,-0.01,-0.00,30.91,-36.73,-11.66
0.40,0.45,-0.02,-9.67,-0.00,0.01,-0.00,30.63,-37.64,-12.51
0.60,0.45,-0.03,-9.67,0.01,-0.00,-0.00,30.62,-38.03,-12.45
0.80,0.44,-0.03,-9.68,0.00,0.00,-0.00,31.25,-38.54,-12.89
1.00,0.44,-0.03,-9.68,0.00,0.00,-0.00,30.75,-38.18,-13.52
1.20,0.44,-0.02,-9.68,0.00,0.00,-0.00,30.56,-38.38,-13.34
1.40,0.43,-0.03,-9.70,0.00,0.00,-0.00,30.93,-38.91,-13.15
1.60,0.45,-0.04,-9.68,0.00,0.00,-0.00,30.40,-38.02,-13.27
1.80,0.44,-0.03,-9.67,0.00,0.00,-0.00,30.96,-37.20,-12.34
2.00,0.44,-0.03,-9.67,0.00,0.00,-0.00,30.27,-37.34,-12.00
2.20,0.44,-0.03,-9.67,0.00,0.00,-0.00,30.93,-38.40,-12.06
2.40,0.44,-0.03,-9.67,0.00,0.00,-0.00,30.68,-38.67,-13.43
2.60,0.44,-0.03,-9.67,0.00,0.00,-0.00,31.16,-38.80,-12.35
2.80,0.44,-0.03,-9.67,0.00,0.00,-0.00,30.55,-38.31,-13.48
3.00,0.44,-0.04,-9.67,0.00,0.00,-0.00,31.06,-38.04,-13.50
3.20,0.44,-0.04,-9.67,0.00,0.00,-0.00,30.74,-38.80,-13.61
3.40,0.44,-0.03,-9.68,0.00,0.00,-0.00,31.15,-37.75,-12.04
3.60,0.44,-0.04,-9.67,0.00,0.00,-0.00,31.06,-36.96,-11.84
3.80,0.44,-0.03,-9.67,0.00,0.00,-0.00,30.58,-38.70,-12.79
4.00,0.44,-0.03,-9.68,0.00,0.00,-0.00,30.72,-38.54,-12.09
4.20,0.44,-0.03,-9.68,0.00,0.00,-0.00,30.56,-38.10,-12.39
4.40,0.44,-0.03,-9.67,0.00,0.00,-0.00,30.31,-38.66,-12.96
4.60,0.44,-0.04,-9.67,0.00,0.00,-0.00,30.90,-38.53,-12.20
4.80,0.44,-0.03,-9.67,0.00,0.00,-0.00,30.90,-38.29,-12.67
5.00,0.44,-0.03,-9.67,0.00,0.00,-0.00,30.42,-37.08,-11.82
