time,accelx,accely,accelz,gyrox,gyroy,gyroz,magx,magy,magz
0.00,-0.14,0.63,-9.69,0.03,-0.06,0.50,43.92,-37.71,-5.12
0.10,-0.18,0.56,-9.62,0.06,-0.08,0.60,42.50,-38.23,-5.73
0.20,-0.23,0.62,-9.58,0.03,-0.09,0.66,40.82,-39.24,-6.72
0.30,-0.23,0.76,-9.68,0.05,-0.06,0.71,39.45,-39.70,-5.06
0.40,-0.15,0.63,-9.63,0.04,-0.05,0.75,36.44,-40.53,-5.12
0.50,-0.23,0.87,-9.62,0.01,-0.03,0.76,35.31,-40.95,-4.60
0.60,-0.18,0.65,-9.76,0.10,-0.03,0.69,32.83,-39.71,-6.33
0.70,-0.11,0.42,-9.64,0.07,-0.06,0.72,31.15,-39.93,-5.80
0.80,-0.04,0.31,-9.71,0.05,-0.06,0.76,28.63,-39.24,-4.74
0.90,-0.05,0.32,-9.84,0.06,-0.07,0.84,26.44,-38.89,-5.41
1.00,-0.03,0.45,-9.63,0.05,-0.09,0.89,24.66,-37.96,-6.30
1.10,-0.06,0.52,-9.73,0.02,-0.08,0.93,23.02,-36.70,-4.37
1.20,-0.04,0.73,-9.66,0.01,-0.09,0.88,20.61,-35.65,-4.46
1.30,-0.24,0.61,-9.60,0.05,-0.08,0.83,18.80,-34.87,-4.47
1.40,-0.25,0.83,-9.77,0.02,-0.08,0.85,18.14,-32.48,-4.40
1.50,-0.35,0.70,-9.65,0.05,-0.10,0.86,17.00,-30.58,-5.38
1.60,-0.36,0.86,-9.61,0.06,-0.09,0.81,16.40,-29.09,-3.95
1.70,-0.44,0.75,-9.53,0.07,-0.08,0.79,14.89,-27.16,-4.15
1.80,-0.41,0.31,-9.61,0.13,-0.04,0.78,14.69,-25.12,-4.34
1.90,-0.40,0.45,-9.71,0.05,-0.06,0.81,13.71,-22.55,-2.62
2.00,-0.32,0.64,-9.63,0.02,-0.03,0.86,12.04,-20.94,-3.32
2.10,-0.32,0.50,-9.72,0.05,-0.05,0.85,13.21,-18.88,-3.87
2.20,-0.23,0.46,-9.76,0.04,-0.06,0.87,13.34,-16.47,-2.57
2.30,-0.17,0.39,-9.76,0.07,-0.09,0.94,13.46,-13.53,-3.61
2.40,-0.29,0.59,-9.53,0.07,-0.10,0.99,14.40,-12.03,-2.56
2.50,-0.17,0.90,-9.59,0.02,-0.09,0.97,15.54,-10.61,-2.46
2.60,-0.33,0.94,-9.81,0.01,-0.04,0.90,16.22,-8.68,-3.07
2.70,-0.28,0.56,-9.61,0.09,-0.08,0.82,18.61,-5.99,-1.23
2.80,-0.38,0.40,-9.63,0.09,-0.07,0.85,19.82,-4.47,-3.87
2.90,-0.29,0.33,-9.79,0.09,-0.07,0.93,21.67,-4.22,-1.72
3.00,-0.22,0.53,-9.63,0.06,-0.08,1.04,24.73,-2.13,-0.63
3.10,-0.24,0.52,-9.82,0.08,-0.07,1.06,27.20,-0.58,-1.86
3.20,-0.23,0.70,-9.70,0.08,-0.08,1.09,30.21,0.80,-0.42
3.30,-0.20,0.75,-9.73,0.08,-0.09,1.04,31.94,0.73,-1.78
3.40,-0.22,0.77,-9.52,0.09,-0.10,0.97,35.19,-0.51,-2.03
3.50,-0.39,0.71,-9.70,0.08,-0.06,0.95,37.78,-0.01,-2.05
3.60,-0.38,0.33,-9.68,0.11,-0.07,1.00,40.12,-0.60,-2.31
3.70,-0.26,0.52,-9.79,0.13,-0.05,0.99,42.40,-1.49,-3.65
3.80,-0.27,0.84,-9.73,0.08,-0.07,0.96,44.86,-2.78,-2.94
3.90,-0.45,0.58,-9.63,0.09,-0.08,0.85,46.54,-4.44,-2.91
4.00,-0.51,0.49,-9.72,0.07,-0.06,0.79,48.67,-5.88,-4.57
4.10,-0.52,0.27,-9.64,0.08,-0.07,0.81,50.57,-6.80,-4.52
4.20,-0.54,0.42,-9.61,0.03,-0.03,0.89,51.23,-9.50,-4.97
4.30,-0.49,0.60,-9.72,0.04,-0.02,0.87,51.83,-11.69,-4.93
4.40,-0.37,0.66,-9.63,0.06,-0.01,0.79,52.82,-13.12,-4.06
4.50,-0.30,0.39,-9.74,0.08,-0.02,0.77,52.84,-15.08,-5.48
4.60,-0.25,0.56,-9.65,0.03,-0.04,0.79,53.84,-17.36,-4.60
4.70,-0.38,0.65,-9.73,0.05,-0.03,0.72,53.81,-19.15,-5.32
4.80,-0.38,0.49,-9.68,0.06,-0.06,0.72,54.00,-21.40,-4.82
4.90,-0.38,0.67,-9.63,0.05,-0.06,0.69,54.19,-22.87,-5.74
5.00,-0.50,0.82,-9.63,0.01,-0.04,0.57,53.41,-24.89,-6.23
