time,accelx,accely,accelz,gyrox,gyroy,gyroz,magx,magy,magz
0.00,0.39,-0.03,-9.65,0.00,0.00,0.00,22.01,-37.72,-8.20
0.20,0.40,-0.02,-9.65,0.01,-0.00,0.00,21.85,-37.24,-7.76
0.40,0.38,-0.04,-9.65,0.00,0.00,0.00,22.07,-36.89,-8.68
0.60,0.38,-0.04,-9.65,0.00,0.00,0.00,22.05,-37.05,-7.78
0.80,0.38,-0.04,-9.65,0.00,0.00,0.00,21.95,-36.79,-8.75
1.00,0.38,-0.05,-9.65,0.00,0.00,0.00,21.69,-36.58,-7.94
1.20,0.38,-0.04,-9.65,0.00,0.00,0.00,22.10,-35.90,-7.95
1.40,0.39,-0.03,-9.66,-0.01,0.02,0.00,21.25,-36.32,-8.81
1.60,1.61,-0.07,-9.56,0.02,0.01,-0.62,21.53,-37.88,-8.67
1.80,0.47,0.03,-9.64,0.02,-0.02,0.00,21.88,-37.47,-9.38
2.00,0.41,-0.03,-9.64,0.02,-0.02,0.00,23.40,-36.85,-8.30
2.20,0.39,-0.04,-9.65,0.00,0.00,0.00,22.43,-36.90,-9.59
2.40,0.40,-0.03,-9.65,0.00,0.01,0.00,22.92,-37.72,-8.78
2.60,0.40,-0.02,-9.65,0.00,0.01,0.00,22.98,-36.16,-8.20
2.80,0.40,-0.03,-9.64,0.00,0.00,0.00,22.61,-36.63,-8.32
3.00,0.40,-0.02,-9.65,0.00,0.00,0.00,22.00,-36.77,-7.99
3.20,0.41,-0.02,-9.64,0.00,0.00,0.00,21.97,-37.88,-8.40
3.40,0.42,-0.00,-9.66,0.00,0.00,0.00,22.36,-37.20,-10.36
3.60,0.40,-0.04,-9.64,0.00,0.00,0.00,21.85,-36.52,-7.60
3.80,0.42,-0.03,-9.65,0.00,0.00,0.00,22.29,-38.23,-8.23
4.00,0.42,-0.02,-9.65,0.00,0.00,0.00,22.00,-37.99,-8.67
4.20,0.41,-0.02,-9.65,0.00,0.00,0.00,21.69,-37.18,-7.70
4.40,0.42,-0.02,-9.65,0.00,0.00,0.00,22.07,-37.30,-8.13
4.60,0.42,-0.01,-9.65,0.00,0.00,0.00,21.94,-36.85,-8.94
4.80,0.42,-0.02,-9.65,0.01,0.00,0.00,22.23,-37.87,-10.23
5.00,0.42,-0.02,-9.64,0.00,0.00,0.00,21.79,-33.97,-8.42
