time,accelx,accely,accelz,gyrox,gyroy,gyroz,magx,magy,magz
0.00,0.431306,0.112463,-9.735199,0.004123,0.008094,-0.001069,28.895060,8.126279,20.900322
0.20,0.418744,0.104686,-9.742975,0.004429,0.007483,-0.001069,29.976616,8.857059,20.271851
0.40,0.422333,0.105882,-9.744172,0.004581,0.007330,-0.000916,30.093538,8.900907,20.578777
0.60,0.415155,0.105882,-9.741181,0.004123,0.007178,-0.000916,30.064308,8.593979,21.368021
0.80,0.418146,0.108275,-9.739387,0.004276,0.006872,-0.001069,29.348145,8.871675,20.929552
1.00,0.413958,0.099302,-9.745967,0.004276,0.006567,-0.000916,29.581993,8.857059,20.286467
0.00,0.802194,9.439686,-1.188036,0.003971,0.006567,-0.001680,34.419762,-71.967262,-16.734873
0.20,0.803988,9.437292,-1.188635,0.003818,0.006109,-0.001222,34.741302,-71.835724,-16.223326
0.40,0.803390,9.447462,-1.201795,0.004123,0.006414,-0.001069,34.872845,-71.090324,-16.559486
0.60,0.825524,9.430713,-1.183251,0.003207,0.006567,-0.001374,34.741302,-72.040337,-16.851797
0.80,0.790828,9.519247,-1.158126,0.001985,0.006720,-0.003971,34.828995,-71.762642,-16.106401
1.00,0.785444,9.438489,-1.152144,0.003360,0.006567,-0.002902,35.311310,-71.061096,-15.507162
0.00,-0.412164,-1.522433,9.655638,0.003971,0.006414,-0.001069,45.922245,-22.902660,-78.763519
0.20,-0.408574,-1.524228,9.652048,0.003665,0.006567,-0.001222,46.156094,-22.230343,-78.149666
0.40,-0.406182,-1.524228,9.656834,0.004429,0.006414,-0.000916,45.293774,-22.508039,-79.085068
0.60,-0.410369,-1.526621,9.652646,0.004429,0.006567,-0.001222,45.878399,-22.259573,-78.368896
0.80,-0.409173,-1.529612,9.652048,0.004123,0.006414,-0.001069,45.293774,-22.683426,-77.769661
1.00,-0.418744,-1.524826,9.657433,0.004429,0.007025,-0.001069,45.907627,-22.888044,-76.819649
0.00,-0.256630,-9.838689,-0.677169,0.004429,0.006414,-0.001222,48.918446,26.702721,-37.269802
0.20,-0.259621,-9.842278,-0.680758,0.004276,0.006567,-0.001222,49.210758,26.921951,-36.933647
0.40,-0.262014,-9.840484,-0.678365,0.004123,0.006414,-0.000916,48.363052,26.556564,-38.249050
0.60,-0.268594,-9.839287,-0.681356,0.004276,0.006414,-0.000916,48.859985,27.038877,-38.745983
0.80,-0.267996,-9.847063,-0.681954,0.004123,0.006567,-0.001069,48.757671,26.629642,-39.199062
1.00,-0.262014,-9.847662,-0.675374,0.003971,0.006109,-0.001527,49.049984,26.439636,-37.649811
0.00,9.614362,-0.269791,-2.148755,0.004276,0.006414,-0.001527,-11.940953,-2.616194,-31.949722
0.20,9.616754,-0.272184,-2.146960,0.004123,0.006720,-0.001374,-11.648641,-2.762350,-31.774336
0.40,9.612566,-0.266202,-2.145764,0.004123,0.006567,-0.001374,-11.531715,-3.142356,-32.505116
0.60,9.618548,-0.275175,-2.148755,0.004276,0.006261,-0.001069,-11.970184,-3.288512,-32.782810
0.80,9.617352,-0.272782,-2.146960,0.004276,0.006720,-0.000916,-12.072494,-3.317743,-32.052032
1.00,9.610772,-0.268594,-2.148156,0.004123,0.005956,-0.001374,-11.444022,-2.674657,-32.052032
0.00,-9.742377,0.102891,0.525225,0.003818,0.006109,-0.000764,79.041222,-31.920490,-42.458347
0.20,-9.746565,0.095713,0.526421,0.004123,0.006872,-0.001374,79.158142,-31.657410,-42.999123
0.40,-9.744770,0.104088,0.527617,0.003818,0.006261,-0.001069,79.508911,-32.329731,-41.742180
0.60,-9.747761,0.096909,0.528216,0.003818,0.006872,-0.001527,79.742767,-32.154339,-41.683720
0.80,-9.748958,0.099900,0.528814,0.004123,0.006414,-0.000916,79.538147,-31.233559,-42.180649
1.00,-9.745967,0.101097,0.526421,0.004276,0.006567,-0.001069,79.391991,-32.081264,-42.326805
0.00,-4.833502,0.255434,-8.500502,0.003818,0.006261,-0.001374,71.061096,-20.140310,-12.700965
0.20,-4.832305,0.255434,-8.498708,0.004123,0.006567,-0.001222,70.681091,-19.263372,-11.736334
0.40,-4.835895,0.255434,-8.503493,0.003818,0.005803,-0.001222,71.207253,-19.994154,-13.373282
0.60,-4.832305,0.258425,-8.497512,0.004123,0.006720,-0.001222,71.353409,-20.125694,-13.504823
0.80,-4.833502,0.254836,-8.493923,0.003971,0.006414,-0.001374,71.046478,-20.242619,-11.955568
1.00,-4.834698,0.256032,-8.499306,0.003818,0.006261,-0.001069,71.134171,-20.096462,-12.364805
0.00,-5.701498,7.713264,-0.297906,0.004276,0.006720,-0.001222,73.881905,-42.078339,-37.474422
0.20,-5.705087,7.713862,-0.300299,0.004581,0.006872,-0.001069,74.101135,-41.786026,-36.933647
0.40,-5.698507,7.719844,-0.297906,0.003971,0.006872,-0.001069,73.487282,-42.049110,-36.889797
0.60,-5.704489,7.715657,-0.292523,0.003971,0.006720,-0.001680,74.130371,-41.946800,-36.670567
0.80,-5.710472,7.709675,-0.298505,0.003971,0.006414,-0.001527,74.422684,-41.084476,-37.167496
1.00,-5.703293,7.716853,-0.294915,0.003818,0.006720,-0.001833,74.101135,-42.078339,-37.372112
0.00,-5.367700,-0.867996,8.089535,0.004123,0.006872,-0.001222,72.741890,-12.700965,-59.237064
0.20,-5.360521,-0.868595,8.093722,0.003818,0.006567,-0.001222,72.332649,-13.256357,-59.397835
0.40,-5.364110,-0.869193,8.095517,0.003971,0.006720,-0.001222,72.931892,-13.329436,-59.763229
0.60,-5.355735,-0.871586,8.094919,0.003818,0.006720,-0.000764,72.508034,-13.431746,-58.462437
0.80,-5.361119,-0.867996,8.092526,0.004276,0.006567,-0.000916,72.639580,-12.847121,-59.953232
1.00,-5.362316,-0.868595,8.094919,0.003818,0.006414,-0.001222,71.967262,-13.124818,-59.280914
0.00,-6.478568,-7.406385,-0.263809,0.003665,0.006720,-0.001069,76.132706,1.973107,-35.340546
0.20,-6.477371,-7.407581,-0.265603,0.003665,0.006567,-0.001527,76.249634,1.593101,-34.258987
0.40,-6.478568,-7.409376,-0.256630,0.003971,0.006567,-0.001069,75.255775,1.549255,-35.325928
0.60,-6.477371,-7.408179,-0.257827,0.003818,0.006567,-0.000916,75.387314,1.826951,-35.472084
0.80,-6.476773,-7.405188,-0.262014,0.003665,0.006567,-0.001527,74.904999,1.768489,-35.282082
1.00,-6.482157,-7.410572,-0.259621,0.003971,0.006567,-0.001222,75.650391,2.338498,-34.785152
0.00,6.455835,6.956534,-1.741975,0.004123,0.006567,-0.001374,-6.825490,-35.472084,-30.853552
0.20,6.456434,6.957730,-1.738984,0.003818,0.006872,-0.001222,-6.343175,-35.969017,-29.815844
0.40,6.457032,6.952346,-1.737787,0.004276,0.006720,-0.000764,-7.220111,-35.837475,-30.415081
0.60,6.458827,6.953543,-1.737189,0.004123,0.006720,-0.001222,-6.474715,-35.325928,-29.304296
0.80,6.458827,6.953543,-1.740180,0.003971,0.006720,-0.001374,-6.518562,-35.048233,-30.385853
1.00,6.463612,6.955338,-1.740778,0.003818,0.006720,-0.001374,-6.240865,-35.925167,-29.377375
0.00,6.206983,0.031107,-7.584052,0.003971,0.006567,-0.001527,-11.224789,-14.191757,-18.810289
0.20,6.204589,0.034696,-7.588239,0.003665,0.006414,-0.001069,-7.527039,-14.045601,-18.722595
0.40,6.198009,0.030508,-7.590034,0.003360,0.005803,-0.001222,-6.401637,-14.367144,-18.313358
0.60,6.200402,0.035892,-7.584052,0.003054,0.007025,-0.003360,-7.527039,-13.914061,-18.386436
0.80,6.204589,0.031107,-7.585248,0.004123,0.006720,-0.000764,-7.278574,-13.577901,-18.327974
1.00,6.203393,0.028714,-7.583453,0.003665,0.006720,-0.001222,-6.810874,-14.191757,-18.810289
0.00,5.639884,-8.084151,-0.945165,0.004123,0.006414,-0.001222,-5.393160,7.848582,-34.434376
0.20,5.639285,-8.083553,-0.942174,0.004887,0.007330,-0.000764,-5.700088,8.257820,-34.332066
0.40,5.638687,-8.088339,-0.946960,0.003512,0.006109,-0.001527,-5.787781,8.067817,-34.098217
0.60,5.636294,-8.082357,-0.945165,0.004276,0.006720,-0.000916,-5.773166,9.193218,-34.142067
0.80,5.639884,-8.077571,-0.950549,0.003665,0.006567,-0.001680,-5.904706,8.593979,-35.515930
1.00,5.639884,-8.081758,-0.947558,0.003207,0.006261,-0.001069,-4.969307,8.287050,-35.515930
0.00,5.400003,-3.087938,7.636096,0.004123,0.006872,-0.001069,-4.253142,-0.979246,-57.395500
0.20,5.397610,-3.085545,7.631310,0.003971,0.006567,-0.001222,-4.662379,-1.286174,-57.249344
0.40,5.394619,-3.084947,7.636096,0.003971,0.006720,-0.001069,-4.340836,-0.847705,-55.641628
0.60,5.400600,-3.089732,7.633703,0.003818,0.006414,-0.001222,-4.881614,-1.169249,-57.614731
0.80,5.401199,-3.085545,7.636096,0.003818,0.006567,-0.001222,-4.603917,-1.388483,-57.410114
1.00,5.401797,-3.084947,7.634899,0.003818,0.006720,-0.001374,-4.486992,-1.169249,-57.512421
