time,accelx,accely,accelz,gyrox,gyroy,gyroz,magx,magy,magz
0.00,0.739382,0.367896,-9.716057,-0.452193,-0.216246,5.003597,29.508915,-43.686058,89.593681
0.20,1.143769,0.332004,-9.687941,-0.471435,-0.220828,5.003597,47.953815,-62.613274,90.134468
0.40,1.210768,-0.014955,-9.686744,-0.450055,-0.206472,5.003597,33.177433,-80.663551,88.278282
0.60,0.763310,-0.078963,-9.738788,-0.397062,-0.185856,4.947703,11.940953,-71.821106,86.816719
0.80,0.681954,0.223131,-9.735199,-0.395535,-0.183412,4.953353,14.396376,-48.743057,90.265999
1.00,0.875773,0.431904,-9.702298,-0.412487,-0.195171,5.003597,38.409824,-46.521484,91.055244
1.20,1.228116,0.193819,-9.680164,-0.464563,-0.216094,5.003597,46.886875,-70.140305,88.819054
1.40,1.128216,-0.125025,-9.695119,-0.446542,-0.208152,5.003597,25.869629,-81.277405,87.532883
1.60,0.728615,-0.101695,-9.731610,-0.385456,-0.179747,4.828432,10.406314,-63.899445,86.641335
1.80,0.770489,0.327817,-9.723235,-0.452040,-0.212123,5.003597,23.954985,-44.767612,89.184448
2.00,1.118046,0.355932,-9.693923,-0.462425,-0.215635,5.003597,47.339958,-55.977787,90.602165
2.20,1.301097,-0.007178,-9.686744,-0.450819,-0.206320,5.003597,39.125988,-78.310432,89.666763
2.40,0.933799,-0.100499,-9.726226,-0.381485,-0.174402,4.776050,17.056416,-76.045021,86.626717
2.60,0.698106,0.050847,-9.740583,-0.378278,-0.179289,4.772079,10.800936,-55.495472,86.831337
2.80,0.774676,0.324826,-9.720841,-0.421039,-0.198073,5.003597,32.227417,-43.817596,89.900612
3.00,1.183849,0.250050,-9.686147,-0.444404,-0.206472,5.003597,48.129200,-69.321838,90.616783
3.20,1.131805,-0.057428,-9.695119,-0.413098,-0.190895,5.000848,33.352821,-81.218941,89.140602
3.40,0.873380,-0.114257,-9.723833,-0.358120,-0.163254,4.467716,14.484069,-73.311897,87.562111
3.60,0.621536,0.081954,-9.737592,-0.355524,-0.167377,4.486805,11.502485,-54.165447,87.094414
3.80,0.765703,0.375673,-9.717253,-0.437685,-0.208000,5.003597,32.651272,-44.241447,89.505997
0.00,-1.673779,-0.171685,9.620941,0.889878,0.048411,-5.003597,38.292896,-7.702426,-137.269806
0.20,-1.740778,0.046660,9.620344,0.771828,0.048106,-5.003597,17.100262,2.338498,-139.827545
0.40,-2.122434,0.048455,9.577272,0.789849,0.043066,-5.001765,3.478515,-17.933352,-142.136795
0.60,-2.159523,-0.391227,9.521042,0.896445,0.045357,-5.003597,21.645718,-36.129787,-139.199066
0.80,-1.813161,-0.283549,9.550952,0.944398,0.049938,-5.003597,40.923706,-17.304880,-136.597488
1.00,-1.666003,0.050249,9.600602,0.864680,0.044746,-5.003597,24.378836,2.513885,-139.096756
1.20,-2.079363,0.046660,9.502497,0.852615,0.043982,-5.003597,3.946214,-11.049401,-140.967545
1.40,-2.268994,-0.209970,9.507283,0.945619,0.048106,-5.003597,16.471790,-35.092079,-139.798309
1.60,-1.953142,-0.376870,9.631111,0.975399,0.047189,-5.003597,40.397545,-21.762642,-136.071320
1.80,-1.712065,0.040080,9.615559,0.849561,0.042913,-5.003597,28.120432,1.315405,-137.810577
2.00,-2.033301,0.071186,9.556336,0.814741,0.039095,-5.003597,6.270096,-6.591640,-140.266006
2.20,-2.266003,-0.157328,9.504889,0.910800,0.045509,-5.003597,15.726397,-33.308975,-141.362183
2.40,-2.049453,-0.417548,9.503694,0.971734,0.045662,-5.003597,36.889797,-27.725809,-138.482910
2.60,-1.712065,-0.038883,9.597013,0.941038,0.048258,-5.003597,33.952061,-2.674657,-138.585205
2.80,-1.874178,0.131605,9.551550,0.840703,0.042150,-5.003597,9.763227,-2.250804,-141.493713
3.00,-2.349154,-0.148953,9.526424,0.918894,0.042455,-5.003597,6.182403,-27.491961,-141.815262
3.20,-2.131407,-0.391825,9.563515,0.994641,0.043066,-5.003597,34.098217,-32.490501,-136.845947
3.40,-1.867000,-0.101097,9.605388,1.021061,0.048564,-5.003597,34.975155,-4.019292,-137.109024
3.60,-2.015953,0.132203,9.540184,0.936762,0.041081,-5.003597,8.301666,-2.470038,-141.055252
3.80,-2.270789,-0.029910,9.513863,0.930806,0.038179,-5.003597,7.775504,-27.959660,-141.026016
0.00,-9.700503,1.008575,-0.170489,5.003597,-0.528246,0.073762,110.172462,-17.684887,-50.131542
0.20,-9.710672,0.824327,-0.440279,5.003597,-0.488081,0.064752,108.243202,-40.572933,-46.214558
0.40,-9.748958,0.448056,-0.174078,5.003597,-0.566730,0.084910,108.345505,-39.169834,-23.180357
0.60,-9.731610,0.829711,0.187837,5.003597,-0.602924,0.074067,109.982468,-11.268635,-25.343466
0.80,-9.701101,1.018146,-0.162712,5.003597,-0.533285,0.067195,110.961708,-13.855597,-48.567669
1.00,-9.736396,0.700499,-0.409771,5.003597,-0.507476,0.049786,104.969315,-39.272141,-48.889214
1.20,-9.753744,0.446261,-0.120239,5.003597,-0.576504,0.080023,108.418594,-39.710609,-23.779596
1.40,-9.721440,0.740579,0.212961,5.003597,-0.646601,0.080787,110.581696,-11.385560,-25.109615
1.60,-9.712467,0.988834,-0.065204,5.003597,-0.572992,0.051924,109.894768,-15.010230,-48.845367
1.80,-9.736396,0.673580,-0.366700,5.003597,-0.531605,0.044746,108.930138,-39.915230,-47.266880
2.00,-9.752547,0.485743,-0.098106,5.003597,-0.593914,0.078343,109.938606,-35.194389,-22.420345
2.20,-9.736994,0.810569,0.246461,5.003597,-0.620944,0.069180,110.581696,-11.677872,-27.068108
2.40,-9.704690,1.025923,-0.095115,5.003597,-0.552528,0.055741,110.289398,-14.147910,-47.924583
2.60,-9.718450,0.834497,-0.409771,5.003597,-0.511294,0.053145,108.374741,-38.015202,-50.043846
2.80,-9.750154,0.488136,-0.186640,5.003597,-0.561996,0.072235,107.980118,-41.128326,-24.393454
3.00,-9.719646,0.811167,0.260219,5.003597,-0.627664,0.069028,110.099388,-13.607132,-23.545746
3.20,-9.704690,1.026521,-0.097508,5.003597,-0.574061,0.047189,110.523239,-12.408652,-47.632271
3.40,-9.726824,0.808176,-0.392423,5.003597,-0.539241,0.051924,108.506287,-38.278282,-50.175388
3.60,-9.759726,0.483948,-0.141177,5.003597,-0.589790,0.068722,108.199356,-40.412159,-24.232681
3.80,-9.738788,0.765105,0.218345,5.003597,-0.651488,0.069028,110.464775,-12.613271,-23.311897
0.00,9.664610,-1.019941,-1.713859,-5.003597,0.376293,0.823599,-55.407776,-15.945630,-50.818474
0.20,9.690931,-0.627518,-1.756332,-5.003597,0.403171,0.851241,-52.353115,3.346974,-32.928967
0.40,9.766904,-0.519243,-1.301696,-5.003597,0.327729,0.817185,-49.970772,-15.887168,-17.173342
0.60,9.744770,-0.774078,-1.271785,-5.003597,0.282220,0.723112,-53.113129,-34.872845,-29.435837
0.80,9.680762,-1.000798,-1.656431,-5.003597,0.368352,0.791834,-55.860859,-23.019585,-49.444607
1.00,9.683155,-0.705883,-1.786840,-5.003597,0.405920,0.862389,-53.902370,2.411576,-40.646011
1.20,9.745369,-0.437887,-1.466202,-5.003597,0.356745,0.863000,-50.993858,-9.178602,-17.962584
1.40,9.770494,-0.632902,-1.126421,-5.003597,0.308029,0.736704,-52.440804,-32.110493,-24.071909
1.60,9.691529,-1.003191,-1.561317,-5.003597,0.383776,0.805731,-54.867001,-28.763521,-46.828415
1.80,9.664610,-0.789033,-1.816152,-5.003597,0.424093,0.897208,-53.990059,-1.490792,-43.788364
2.00,9.745967,-0.336790,-1.473979,-5.003597,0.397521,0.900568,-50.336159,-6.211634,-20.140310
2.20,9.760324,-0.694517,-1.186840,-5.003597,0.350484,0.830929,-51.651562,-31.525867,-23.194971
2.40,9.693923,-1.141975,-1.542772,-5.003597,0.377362,0.891863,-55.115463,-27.404266,-47.354576
2.60,9.658628,-0.862014,-1.846661,-5.003597,0.425926,0.925614,-54.516228,0.292312,-42.312191
2.80,9.751350,-0.468993,-1.401596,-5.003597,0.359341,0.880104,-50.979244,-6.343175,-18.839520
3.00,9.749557,-0.756730,-1.235295,-5.003597,0.333380,0.808022,-53.010815,-33.995907,-29.465067
3.20,9.701700,-1.103091,-1.542772,-5.003597,0.389274,0.856280,-56.401634,-26.074249,-46.667641
3.40,9.652048,-0.824926,-1.872982,-5.003597,0.417221,0.904233,-54.326218,1.461561,-42.692196
3.60,9.743573,-0.268594,-1.441077,-5.003597,0.425620,0.875675,-49.956150,-7.556270,-15.960245
3.80,9.751948,-0.750748,-1.239482,-5.003597,0.377057,0.910800,-52.236187,-33.835136,-26.381174
