time,accelx,accely,accelz,gyrox,gyroy,gyroz,magx,magy,magz
0.00,-0.596411,9.250053,-2.312663,0.042455,-5.003597,1.193783,24.685764,-101.417709,-17.114880
0.20,-0.264407,9.279964,-2.291726,0.137292,-5.003597,1.370324,50.540775,-101.373863,-24.101139
0.40,-0.046660,9.223135,-2.562115,0.170431,-5.003597,1.498300,50.526161,-106.547798,-42.911427
0.60,-0.065204,9.139984,-2.891128,0.080634,-5.003597,1.446682,23.399591,-107.132423,-40.689857
0.80,-0.538385,9.276375,-2.335993,0.027947,-5.003597,1.270141,27.345806,-101.403091,-20.242619
1.00,-0.238086,9.285349,-2.332404,0.153633,-5.003597,1.391856,52.601578,-102.338493,-21.163403
1.20,-0.013161,9.198608,-2.563311,0.167835,-5.003597,1.441184,51.125401,-107.702423,-43.101433
1.40,-0.017348,9.142976,-2.873780,0.074678,-5.003597,1.313513,26.059631,-108.681664,-45.498390
1.60,-0.332004,9.185449,-2.676372,0.056505,-5.003597,1.232268,18.722595,-102.762352,-25.065771
1.80,-0.410967,9.272786,-2.261816,0.106901,-5.003597,1.373531,43.072201,-100.306931,-17.377958
2.00,0.013759,9.243474,-2.508874,0.160810,-5.003597,1.449736,54.092373,-105.787781,-37.474422
2.20,0.000598,9.169296,-2.809772,0.064141,-5.003597,1.349249,30.502779,-109.134758,-47.120728
2.40,-0.262014,9.181858,-2.695515,0.068264,-5.003597,1.228755,17.977200,-103.595436,-30.035078
2.60,-0.401396,9.287742,-2.324029,0.123547,-5.003597,1.315804,36.349018,-99.634613,-15.741012
2.80,-0.092124,9.269197,-2.340181,0.144011,-5.003597,1.378875,56.065475,-103.580818,-31.525867
3.00,0.173480,9.139984,-2.897110,0.191964,-5.003597,1.416444,38.921368,-108.988594,-47.456886
3.20,-0.142971,9.168698,-2.763112,0.056963,-5.000084,1.213026,17.597195,-106.387016,-37.342880
3.40,-0.531207,9.254840,-2.400599,0.095906,-4.977330,1.129184,24.261911,-100.833092,-16.559486
3.60,-0.234497,9.298509,-2.234298,0.124617,-5.003597,1.289384,49.386143,-100.482323,-20.067232
3.80,0.010169,9.237493,-2.507080,0.157756,-5.003597,1.341002,51.330017,-106.167778,-41.376789
4.00,0.015553,9.159127,-2.808575,0.066737,-5.003597,1.248456,27.842735,-108.257820,-46.170712
4.20,-0.248255,9.199804,-2.688935,0.051160,-4.837289,1.136515,17.743351,-103.478516,-30.152002
4.40,-0.409771,9.278170,-2.380858,0.123853,-4.990311,1.176679,34.171295,-99.196144,-15.697165
4.60,-0.096311,9.273982,-2.342573,0.136834,-5.003597,1.333366,54.764687,-102.572342,-28.018124
4.80,0.167498,9.137591,-2.905485,0.186314,-5.003597,1.379792,42.779888,-108.491669,-46.433792
5.00,-0.178863,9.171689,-2.757130,0.043982,-4.722141,1.124756,20.359545,-106.957031,-42.414497
5.20,-0.600000,9.252447,-2.377868,0.046426,-5.003597,1.196838,25.928093,-101.549255,-21.923414
5.40,-0.288335,9.282956,-2.249253,0.134543,-5.003597,1.330312,48.684593,-100.803864,-21.821106
5.60,0.002393,9.248858,-2.475375,0.158214,-5.003597,1.428661,51.052326,-107.176270,-43.583748
5.80,-0.062812,9.121439,-2.973082,0.111025,-5.003597,1.296256,27.038877,-108.447823,-45.834549
6.00,-0.465404,9.187840,-2.596212,0.056505,-5.003597,1.227839,18.474131,-102.484657,-26.381174
6.20,-0.409173,9.250053,-2.362314,0.133474,-5.003597,1.339017,41.435253,-99.517685,-16.018707
6.40,-0.065803,9.252447,-2.432903,0.148440,-5.003597,1.444849,54.925461,-105.173920,-36.319790
6.60,0.205783,9.108877,-3.029314,0.161268,-5.003597,1.451263,31.686644,-108.900902,-47.588425
6.80,-0.312263,9.151351,-2.861816,0.081398,-5.003597,1.228297,17.363344,-103.785446,-31.131247
7.00,-0.404387,9.287144,-2.319243,0.114079,-5.003597,1.373531,35.515930,-99.912300,-16.778719
7.20,0.004187,9.254840,-2.410769,0.144164,-5.003597,1.449125,55.305470,-103.902367,-32.709732
7.40,0.214756,9.128020,-3.029912,0.173180,-5.003597,1.448056,36.933647,-108.199356,-48.479977
7.60,-0.279362,9.134002,-2.898905,0.090255,-5.003597,1.281748,17.553347,-104.925468,-34.872845
7.80,-0.520439,9.200403,-2.562115,0.154549,-5.003597,1.332908,31.876644,-99.371529,-15.945630
8.00,-0.199801,9.278170,-2.333002,0.140041,-5.003597,1.413389,54.720844,-102.645424,-28.091202
8.20,0.191426,9.118449,-3.018546,0.190285,-5.003597,1.437824,40.967552,-109.032455,-46.229172
8.40,-0.192024,9.168099,-2.794219,0.060170,-5.002681,1.218523,18.751827,-106.270096,-37.562119
8.60,-0.620339,9.262018,-2.379064,0.071777,-5.003597,1.206612,24.598070,-100.160774,-17.933352
8.80,-0.252443,9.285946,-2.277369,0.135765,-5.003597,1.390635,51.213097,-100.964630,-20.344929
9.00,-0.027517,9.214760,-2.592623,0.171959,-5.003597,1.446834,43.130665,-108.681664,-44.402222
9.20,-0.023330,9.144172,-2.885744,0.078649,-5.003597,1.381472,22.698042,-107.673195,-40.572933
9.40,-0.628714,9.248858,-2.419144,0.063072,-5.003597,1.268614,21.484945,-101.666176,-19.336452
9.60,-0.263210,9.275778,-2.299503,0.148135,-5.003597,1.408808,47.383804,-100.073074,-18.430285
9.80,-0.006580,9.227323,-2.553740,0.169362,-5.003597,1.447292,52.470039,-106.065475,-40.616779
10.00,0.011964,9.162118,-2.833102,0.066279,-5.003597,1.291675,27.418884,-108.754753,-45.659164
10.20,-0.297308,9.186645,-2.711666,0.058796,-5.003597,1.205084,17.626425,-103.025436,-27.550423
10.40,-0.428315,9.274581,-2.337788,0.117897,-5.003597,1.338558,39.593685,-100.292313,-15.200233
10.60,-0.009571,9.245867,-2.474777,0.152411,-5.003597,1.455081,55.159313,-105.524696,-34.638996
10.80,0.139382,9.113065,-2.983850,0.139277,-5.003597,1.421331,34.010525,-109.076294,-47.369190
11.00,-0.323031,9.158529,-2.870789,0.089339,-5.003597,1.239598,17.202572,-103.770828,-33.732826
11.20,-0.483350,9.244671,-2.497509,0.157909,-5.003597,1.351539,34.010525,-99.283829,-15.068693
11.40,-0.139980,9.273384,-2.365305,0.155771,-5.003597,1.460273,55.729317,-103.916977,-28.061972
11.60,-0.047258,9.150154,-2.897708,0.214261,-5.003597,1.580614,30.312773,-110.771706,-46.126862
11.80,-0.396012,9.153743,-2.830709,0.091935,-5.003597,1.554194,17.231804,-104.106987,-28.047356
12.00,-0.448654,9.236894,-2.391028,0.136987,-5.003597,1.550681,41.537563,-100.409233,-15.916398
12.20,-0.013161,9.210573,-2.595016,0.185703,-5.003597,1.596649,54.048527,-105.773163,-38.906754
12.40,0.004187,9.139386,-2.883950,0.077885,-5.003597,1.481348,27.652735,-108.360123,-46.141479
12.60,-0.289532,9.169894,-2.800201,0.079107,-5.003597,1.333824,18.035662,-102.572342,-25.679626
12.80,-0.405583,9.279366,-2.331806,0.129045,-5.003597,1.438893,43.700672,-100.014618,-15.653318
13.00,-0.049651,9.201002,-2.624328,0.183260,-5.003597,1.577407,53.653900,-106.913185,-39.608303
13.20,-0.069392,9.123833,-2.944967,0.081856,-5.003597,1.438588,26.118093,-107.614731,-44.153755
13.40,-0.363709,9.184252,-2.690131,0.060018,-5.003597,1.346958,19.087986,-101.900032,-24.451914
13.60,-0.418146,9.250652,-2.388635,0.147066,-5.003597,1.438893,45.922245,-100.043846,-17.465654
13.80,-0.026919,9.235100,-2.557928,0.172111,-5.003597,1.552209,52.075417,-107.351646,-40.119846
14.00,0.049651,9.102298,-2.994019,0.127824,-5.003597,1.487457,24.232681,-108.652435,-44.709148
14.20,-0.522832,9.221340,-2.507080,0.049327,-5.003597,1.349859,20.461853,-102.148499,-18.240280
14.40,-0.339781,9.244671,-2.453840,0.169821,-5.003597,1.499827,48.567669,-100.818481,-20.271851
14.60,-0.073579,9.199206,-2.625525,0.184176,-5.003597,1.524567,51.315403,-107.527039,-42.867584
14.80,-0.108275,9.111271,-2.998207,0.094379,-5.003597,1.543809,23.604210,-107.863197,-42.312191
15.00,-0.495912,9.195019,-2.632105,0.068417,-5.003597,1.411404,22.712656,-99.897690,-19.789536
