time,accelx,accely,accelz,gyrox,gyroy,gyroz,magx,magy,magz
0.00,0.381655,0.174078,-9.696316,0.002291,0.005192,-0.000305,35.662086,3.083894,-14.074832
0.20,0.381655,0.178265,-9.699306,0.002138,0.005192,-0.000305,35.983631,2.630810,-12.218650
0.40,0.381655,0.177069,-9.697513,0.001985,0.005192,-0.000305,35.705933,2.981584,-13.080971
0.60,0.381655,0.171685,-9.698111,0.002138,0.005192,-0.000458,35.969017,2.908506,-13.007893
0.80,0.379262,0.179462,-9.698708,0.002138,0.005498,0.000000,35.910553,2.835428,-13.051740
1.00,0.378664,0.177667,-9.702298,0.002443,0.005192,0.000000,36.129787,2.820812,-12.832504
0.00,-9.771689,0.063410,0.312263,0.001985,0.004276,0.001680,74.671150,1.753873,-61.911720
0.20,-9.785448,0.065803,0.321835,0.002138,0.004734,0.000611,75.182693,1.534639,-61.166328
0.40,-9.783055,0.047258,0.308674,0.002138,0.006720,-0.001527,75.197311,1.929260,-60.874016
0.60,-9.763913,0.062213,0.309871,0.001985,0.005040,0.000458,75.065765,1.680795,-60.654778
0.80,-9.769297,0.049651,0.303888,0.002138,0.006414,-0.000916,75.591934,2.294651,-60.508621
1.00,-9.772288,0.055035,0.314656,0.001833,0.004276,0.000611,74.846535,1.563870,-61.107861
0.00,-0.702293,-0.811167,9.821341,0.001069,0.005040,0.000153,26.118093,10.274773,-90.865242
0.20,-0.707677,-0.812363,9.813564,0.001985,0.005345,0.000153,26.439636,6.927799,-89.301369
0.40,-0.705284,-0.814158,9.813564,0.001374,0.005192,-0.000153,26.015785,6.255481,-89.666763
0.60,-0.702892,-0.803390,9.807582,0.002291,0.005192,0.000153,26.293480,6.664718,-90.178314
0.80,-0.704686,-0.815354,9.810574,0.001222,0.005345,-0.000305,26.907337,7.410114,-89.447525
1.00,-0.705284,-0.808774,9.809377,0.001985,0.005192,-0.000153,26.278866,7.000877,-89.155212
0.00,-8.310871,-0.116650,5.179265,0.002138,0.005192,-0.000305,136.071320,0.233850,15.551008
0.20,-8.310272,-0.110070,5.182854,0.002291,0.005040,0.000305,134.551300,1.870798,15.346390
0.40,-8.305488,-0.113659,5.182854,0.002138,0.005040,0.000000,136.436707,0.423853,14.893307
0.60,-8.304890,-0.110070,5.184050,0.002291,0.005498,0.000000,136.232086,1.856182,15.185618
0.80,-8.308478,-0.113061,5.187041,0.002138,0.005345,-0.000153,135.428238,0.628471,14.425607
1.00,-8.306085,-0.113659,5.184649,0.001985,0.005345,0.000153,137.211349,1.315405,15.375622
0.00,-8.384450,-0.219541,-5.040481,0.001833,0.005192,0.000305,140.733704,-40.002926,-132.052032
0.20,-8.379665,-0.220140,-5.043472,0.001985,0.005192,0.000305,139.257523,-41.245251,-132.052032
0.40,-8.381460,-0.217747,-5.041079,0.001680,0.005040,0.000153,139.257523,-39.462147,-130.517395
0.60,-8.380263,-0.222532,-5.041678,0.001833,0.005040,0.000000,140.675247,-40.865246,-130.678162
0.80,-8.377273,-0.221336,-5.039285,0.001985,0.004887,0.000000,139.082138,-41.303711,-130.985092
1.00,-8.382057,-0.223729,-5.041678,0.002138,0.005192,-0.000153,139.754456,-39.622917,-130.999710
0.00,0.702892,9.404391,-1.232902,0.001374,0.005345,0.000305,22.040339,-60.143234,-66.705643
0.20,0.704088,9.394820,-1.231107,0.001374,0.005192,0.000305,21.645718,-59.777843,-66.354866
0.40,0.704088,9.404989,-1.231705,0.001833,0.005192,0.000305,21.324175,-59.967846,-66.296402
0.60,0.696910,9.414560,-1.215554,0.001374,0.005345,0.000000,21.572639,-60.377087,-66.121017
0.80,0.704088,9.410972,-1.230509,0.002291,0.005192,0.000153,21.981876,-60.026306,-65.872551
1.00,0.699302,9.415159,-1.222134,0.001222,0.005192,0.000153,22.098803,-60.070156,-66.866417
