time,accelx,accely,accelz,gyrox,gyroy,gyroz,magx,magy,magz
0.00,9.772288,-2.089532,0.420539,0.155312,-0.430965,3.013551,-16.515640,-19.760305,-50.789242
0.20,8.103294,-5.505287,-0.177069,-0.134543,0.376293,1.526552,-16.062555,-3.244665,-50.906170
0.40,4.086941,-8.673983,2.663810,1.578781,1.187064,3.278208,8.287050,23.531132,-66.574104
0.60,-3.535396,-8.648260,3.915854,-0.214872,0.447612,2.818685,38.775211,27.404266,-65.156387
0.80,-6.020342,-5.859424,5.088337,0.098044,-1.404685,1.301448,47.793041,19.774920,-73.662674
1.00,-5.834300,-3.302095,7.334599,0.980591,-0.586889,1.468825,55.641628,5.261620,-81.613564
1.20,-9.161520,1.317847,4.101896,1.103528,2.471713,1.043816,75.971939,-15.083308,-66.983337
1.40,-8.201998,4.430909,0.373280,-0.526719,0.215788,0.879341,76.191177,-32.183571,-62.350189
1.60,-5.421538,8.423334,0.155533,0.376446,0.994030,1.350470,77.594269,-33.805904,-48.786907
1.80,-9.118449,0.066401,-3.669992,0.648281,0.235641,-3.724904,71.762642,10.815551,-44.562992
2.00,-7.899306,-5.605187,-1.709074,0.209221,-1.696373,-2.884047,49.079216,24.714996,-65.492546
2.20,-2.285744,-3.080759,9.799805,2.700941,-2.954602,1.447751,26.600409,3.010816,-89.959076
2.40,0.911665,7.198208,5.618348,4.552931,0.857960,1.562746,25.109615,-49.459221,-82.183571
2.60,3.656831,8.656036,-1.319642,3.826612,3.120910,1.622305,16.237942,-60.274773,-55.758549
2.80,9.436694,3.036492,-1.800001,1.581530,1.708743,3.241098,-11.444022,-37.620579,-53.990059
3.00,9.126225,-3.372085,0.117248,0.589332,0.292146,3.081968,-16.515640,-5.627010,-49.751534
3.20,5.143373,-7.606185,-3.175276,-0.696539,-2.566245,1.741119,-1.169249,2.820812,-23.107279
3.40,0.698704,-3.826123,-8.702696,-1.992031,-2.862514,0.634231,28.178894,-18.576441,-8.506285
3.60,-5.982655,1.689333,-7.217950,-2.616641,-1.984090,1.133002,51.388485,-48.801521,-24.305758
3.80,-3.472584,7.941778,-2.153541,-1.533119,-0.700662,3.714519,16.077169,-60.172462,-46.126862
4.00,5.019544,6.806384,-1.536790,2.821281,3.518889,3.534313,-12.087109,-35.004383,-55.027771
4.20,8.021339,4.066602,-3.668197,2.570827,1.713630,-1.418276,-6.328559,-43.583748,-57.877815
4.40,7.899904,4.358526,-2.031507,2.005776,1.037096,-0.381791,10.377083,-55.510086,-65.463318
4.60,0.129811,9.409776,-0.477966,0.191659,-2.298533,-3.452763,47.252266,-57.804733,-68.254890
4.80,-8.165507,5.155935,2.885744,0.447612,-0.877050,-3.750254,61.692490,-32.242035,-82.958199
5.00,-2.846263,1.667199,8.749954,-0.596510,-4.714658,2.321899,8.433207,-23.311897,-88.789825
5.20,6.016753,3.846462,6.281160,0.629802,-2.472630,-0.201127,-11.882491,-24.481146,-69.511833
5.40,4.632505,5.392824,6.342176,-2.050216,0.241903,-2.990491,4.472376,-43.130665,-77.608887
5.60,0.044865,3.641876,8.748160,-1.774105,1.541518,-1.654376,32.154339,-39.666763,-88.935982
5.80,-6.721439,0.064606,6.308079,0.183718,2.556165,-1.220967,59.266300,-37.152882,-81.891266
6.00,-9.111271,-2.011766,0.217149,-0.186925,3.382819,-1.629025,80.356621,-15.112540,-50.701546
6.20,-8.115258,-5.633303,2.032105,1.834428,-2.476600,0.525650,73.136505,-17.056416,-72.961121
6.40,-4.060620,2.148156,8.809774,2.969110,-2.601675,2.631760,44.270683,-50.204617,-80.488167
6.60,-1.518246,3.894319,9.007781,1.180802,-0.100182,1.077414,36.071323,-58.535515,-73.282661
6.80,-1.819742,6.436095,6.648458,1.151939,-0.011759,-0.893238,35.881321,-60.581703,-68.006432
7.00,4.578068,5.178068,7.265806,-1.110706,-3.248887,1.303281,7.424729,-52.762348,-69.014908
7.20,8.979665,-0.538983,3.120241,-1.945148,-1.132850,3.227812,-16.705641,-16.910259,-55.495472
7.40,6.138188,-7.373483,2.111666,1.924378,1.051757,1.980425,-4.486992,14.030986,-64.381760
7.60,2.067399,-7.284350,8.132008,1.400714,-1.287857,2.494621,11.999415,17.860275,-75.884247
7.80,-0.571885,-4.878367,8.729615,1.268767,0.486707,0.611171,19.672609,12.496346,-83.352821
8.00,-1.638485,-8.760723,6.489336,-4.076151,-0.040012,0.966694,28.938908,31.189711,-57.453960
8.20,-7.297511,-5.843871,0.382852,-0.642172,2.012954,3.444516,65.054077,13.139433,-36.129787
8.40,-9.620344,0.783051,1.070788,-0.470824,-3.088840,1.498605,78.982750,-9.587840,-57.556271
8.60,-3.474378,-1.682154,9.202198,-0.799012,-2.737287,-0.361479,57.629349,-0.672318,-83.849754
8.80,0.952942,-4.904688,8.817552,-1.422247,-1.571451,0.037263,31.467407,9.777843,-87.050568
9.00,8.210373,-0.132203,5.609972,1.924684,-4.224591,-2.942843,-9.982462,-18.254896,-71.821106
9.20,10.058230,2.706282,-1.743171,-0.366825,-3.127936,-0.538478,-15.361005,-26.176558,-46.857643
9.40,4.091727,8.146963,-2.269592,-1.723709,0.962113,-3.550960,8.944753,-57.117802,-57.073956
9.60,-3.100500,9.266804,-0.122632,-0.590249,-0.022602,-3.936721,48.231514,-61.517101,-58.798599
9.80,-7.913064,4.476373,-3.656233,0.401797,2.318386,-1.520138,70.023384,-44.446068,-41.420639
10.00,-2.870191,2.846861,-7.571489,-2.225382,3.594026,-1.413848,59.222446,-42.356033,-21.470331
10.20,-2.620739,4.422534,-9.805189,-0.209527,1.194242,-1.067487,50.073074,-42.370651,-18.298744
10.40,5.053642,6.099903,-4.595416,-1.250136,4.457483,0.308945,14.907922,-50.745399,-25.811165
10.60,7.929814,2.992823,4.782056,-4.323704,3.366936,0.342848,-2.776966,-49.049984,-58.667057
10.80,4.019942,-1.576272,8.884551,-2.094962,4.240169,3.771024,5.963169,-16.530254,-86.714409
11.00,0.367298,-2.822933,9.585648,-0.344833,1.335046,1.666593,18.459515,-14.396376,-91.976028
11.20,-5.572286,-1.561915,7.548758,0.249233,3.663512,1.922087,55.378544,-18.313358,-88.585213
11.40,-9.130413,1.977668,1.092922,-0.750906,3.590819,2.367408,66.018707,-32.622040,-76.819649
11.60,-6.081358,4.557729,5.648856,-1.696373,1.075123,2.804024,60.289391,-27.097342,-83.557442
11.80,-3.190829,5.487939,7.566105,-1.213484,-0.675617,1.010829,50.219231,-29.596609,-88.190582
12.00,10.699507,5.514260,4.269393,2.257605,-4.847063,4.245208,-11.809412,-20.812628,-69.979538
12.20,9.344570,3.057429,-4.396811,0.332158,-3.053410,-1.220051,-11.297866,-31.803566,-36.422096
12.40,4.411169,5.562116,-8.229516,1.146289,-1.986076,-1.257619,7.483192,-39.725227,-20.505699
12.60,-0.967897,2.238486,-9.034700,1.807703,-1.090242,-2.432924,33.908215,-33.908215,-10.874014
12.80,-3.979264,-1.779662,-8.861220,1.489289,-0.797943,-1.948660,52.762348,-16.208712,-11.107863
13.00,-2.452643,-7.683952,-4.942375,1.805870,0.247095,-2.411696,39.549839,9.602456,-13.592518
13.20,4.632505,-7.278966,-5.318646,-0.512669,0.454178,-3.240640,13.504823,7.833967,-16.588717
13.40,8.312068,-4.218546,-3.378067,0.999070,1.763110,-1.602452,-9.032447,2.586963,-32.607426
13.60,7.677970,-2.304288,5.164309,0.633467,4.358523,-0.443641,-12.291727,-3.712365,-70.008766
13.80,4.460222,-0.327219,8.324032,0.269850,1.627803,0.387899,-5.495469,-8.126279,-78.427361
14.00,2.411965,5.826523,7.996813,4.175570,1.575421,-2.661693,12.832504,-45.995323,-79.903534
14.20,-0.791426,8.703294,0.260818,3.978871,3.324787,0.013897,27.842735,-64.133293,-56.255486
14.40,2.298904,7.016354,-5.715257,1.855961,4.131740,0.482584,16.749487,-60.844784,-41.157555
14.60,6.025725,5.940182,-4.718048,1.659568,2.705675,-0.162643,7.512424,-54.910843,-38.439053
14.80,9.713065,1.938186,-2.531008,0.922406,2.257452,1.851380,-12.759428,-33.060509,-43.130665
15.00,7.195218,-5.295915,-3.451048,1.050536,-1.460273,3.695276,-3.171587,5.524701,-26.805029
